-1.25647 1.03714
-8.5768 3.42838
7.67151 -2.01499
-4.04212 2.00257
6.5839 -1.50118
5.75027 -1.25683
8.9329 -2.3865
1.66895 0.125891
-1.49936 1.16578
-4.24853 2.15448
-2.49311 1.55871
8.94278 -2.17311
-0.180438 0.633584
4.661 -0.87376
1.98882 -0.0128594
-6.96606 3.01005
-7.73332 3.25956
5.63316 -1.16216
-4.83243 2.25708
4.64645 -0.955486
7.32511 -1.7438
5.05046 -0.971251
-0.891733 0.919248
-3.01188 1.75232
4.30034 -0.977067
-6.30112 2.86446
5.38812 -1.24604
3.64827 -0.481703
1.17633 0.234809
-1.10262 1.09451
-8.35659 3.40103
6.97338 -1.7655
8.50165 -2.27356
-3.73305 1.9245
-4.47494 2.19361
-5.82912 2.53713
1.44471 0.101731
7.93375 -1.89836
5.94072 -1.26203
4.53032 -0.722885
-5.84007 2.5701
-2.42594 1.58352
-9.69865 3.78539
-6.58281 2.93587
7.17711 -1.73642
8.83158 -2.2176
5.94395 -1.21647
4.22086 -0.684424
-6.79931 3.08514
2.7596 -0.282891
4.69355 -0.79715
9.21229 -2.46397
8.32757 -2.15116
9.54633 -2.5139
-9.4492 3.62308
-7.14253 2.98519
3.70696 -0.69218
-0.298538 0.586133
8.16929 -2.18597
-4.76348 2.04477
-7.12529 2.93049
-6.92827 3.00141
9.78123 -2.55219
9.02871 -2.37406
7.81407 -2.00062
-0.922842 1.11221
1.69938 0.189346
4.87967 -0.744804
-1.42228 1.05036
2.90816 -0.337127
-0.28683 0.5807
-4.14248 2.1465
5.57075 -1.28765
-8.25423 3.44188
-1.06017 1.09698
9.15444 -2.35909
-2.01793 1.22963
-5.26535 2.11652
-8.87026 3.52178
-9.72033 3.87341
3.15096 -0.321659
5.89029 -1.5514
0.0401281 0.572972
6.10395 -1.37602
2.39526 -0.0778173
6.94958 -1.74019
-0.474749 0.747615
-7.20325 3.07625
-2.97907 1.54971
5.24436 -1.05316
-6.0382 2.6983
-4.13225 2.01962
-5.3572 2.42291
-8.97229 3.39989
-1.15764 1.12523
-8.04764 3.44608
-4.13429 1.94717
-6.49298 2.85363
-4.42719 1.97545
9.953 -2.43064
2.08681 0.0594444
3.16886 -0.504033
0.602885 0.381154
4.32263 -0.774881
7.94167 -1.98648
-3.19751 1.70491
-4.12499 2.0297
2.11494 -0.1481
3.2457 -0.4521
5.66523 -1.17368
0.732001 0.495457
-7.40888 3.40564
-0.439302 0.743104
2.01168 -0.0477152
4.3605 -0.927971
0.949997 0.312356
-2.03505 1.2938
-8.49834 3.40986
-4.50275 2.21025
5.51066 -1.2353
-9.09773 3.70617
-3.36357 1.77825
-6.32798 2.84264
8.65075 -2.39272
0.403716 0.612178
-2.55156 1.40295
6.76678 -1.76007
-5.51831 2.64765
2.27199 -0.0809596
-3.3674 1.66148
-3.65738 1.86176
-1.08736 1.15411
4.06323 -0.744336
0.685977 0.491992
5.80353 -1.2132
1.2688 0.264145
2.78368 -0.305354
-8.15037 3.27462
-1.64878 1.11004
-6.43983 2.84269
9.48674 -2.52269
0.0481107 0.751883
6.93498 -1.58523
-1.53306 1.1388
-3.97899 2.01955
-5.81791 2.83662
3.27365 -0.503465
6.64498 -1.46176
6.46023 -1.61535
-3.60443 1.98535
-4.46383 1.98214
-9.86654 3.80043
-6.40973 2.75315
9.28878 -2.3822
-6.78739 2.95896
-7.71149 3.33479
1.97398 0.0247728
-6.59493 3.00619
7.34466 -1.91699
-7.95236 3.50461
-0.313081 0.789119
-7.75481 3.27479
-9.3907 3.81745
7.56844 -1.97301
6.16425 -1.45905
2.3286 0.105576
-6.59542 2.72484
0.396759 0.623919
8.52145 -2.22697
-7.18506 3.07621
8.64893 -2.19153
9.74283 -2.37748
-5.05734 2.21776
-9.80038 3.89308
-3.60906 1.79681
2.20612 -0.124384
-0.246372 0.77083
-1.40084 1.14454
7.52295 -1.82373
0.413917 0.465352
-3.03977 1.74856
2.64487 -0.204413
-0.202607 0.732623
-6.29385 2.60896
-9.4977 3.68632
0.810489 0.489483
-8.39974 3.44456
-6.75087 2.96868
-8.77066 3.67509
-8.60105 3.46425
-9.39301 3.63691
0.41169 0.548468
-1.60225 1.15623
6.21472 -1.40828
-1.46297 1.12249
3.58084 -0.347644
-5.7651 2.51537
6.34046 -1.43235
-9.46061 3.62216
-9.99323 3.90408
2.78646 -0.277394
-2.32141 1.13542
-6.23775 2.61671
-2.66546 1.45328
-6.86641 3.15556
-9.58916 3.86712
4.22995 -0.70228
2.67362 -0.187961
-0.726967 1.06107
8.8528 -2.35252
-3.36642 1.80418
2.22981 0.117721
-7.9784 3.34968
-7.55798 3.21207
-7.0775 3.03381
1.11583 0.299718
4.21883 -0.779177
-0.549344 0.780341
-2.18954 1.45096
-0.932265 1.02296
-4.37635 2.04835
-2.12924 1.4334
-9.94807 3.87475
-4.35171 2.21553
-6.78905 2.94844
-2.4121 1.42088
-1.19363 1.23795
-9.00982 3.54331
2.11579 -0.0539998
9.42293 -2.58053
2.15891 0.0455858
-6.52528 2.84522
4.18651 -0.806104
-0.987206 1.15126
-5.39771 2.66381
5.00644 -1.08798
-7.42939 3.24736
6.19078 -1.20816
9.11853 -2.19013
-1.90532 1.11087
3.30033 -0.357927
6.85669 -1.61829
5.21978 -1.30011
4.22462 -0.755623
5.47377 -1.07914
-5.13529 2.17278
0.928656 0.239695
1.61288 0.28493
-8.55086 3.62219
8.77135 -2.14034
9.43775 -2.37289
-0.960998 1.00012
-2.46577 1.53434
-6.15592 2.79966
-3.59715 1.77844
-5.71522 2.68753
9.16568 -2.37746
-1.92264 1.28628
2.28033 -0.118406
7.67443 -1.80187
-9.61311 3.84362
-6.81003 2.94048
-1.96059 1.42717
8.91255 -2.20395
-8.88387 3.66832
-8.00513 3.31605
-3.2497 1.79582
3.85874 -0.538704
5.26791 -1.2054
-3.97087 1.80272
7.10897 -1.79595
-6.757 3.1098
-0.960586 1.01785
3.53982 -0.426937
-3.36835 1.7688
-3.86707 1.93001
-0.97638 0.937481
1.72321 0.0801003
5.82409 -1.12569
6.08795 -1.45028
8.77935 -2.11921
3.28497 -0.3659
1.93619 0.0328995
-3.71573 1.98221
6.74054 -1.39598
4.75811 -0.746063
-2.60189 1.47409
-3.71108 1.87383
-0.985031 0.917139
1.48255 0.0652945
-6.19805 2.92765
8.66499 -2.22031
-1.10992 1.12609
-2.90678 1.83745
8.95336 -2.54097
-0.829943 0.902391
-9.23561 3.80527
-0.710234 0.90816
0.571642 0.444909
-2.51916 1.62039
3.17417 -0.439317
-6.50292 2.7518
-2.43311 1.46005
-7.80491 3.16416
-0.527614 0.918089
0.809707 0.522909
-8.94841 3.70079
-2.72342 1.56283
-7.20263 3.00983
-0.0409741 0.495659
2.59081 -0.269891
0.13043 0.397342
3.80964 -0.575575
5.711 -1.32374
-1.65151 1.1941
-6.34917 2.82067
7.72282 -1.90226
-4.81577 2.12959
-1.41489 1.1501
-1.51393 1.19048
-9.97492 3.88842
-9.91586 3.92036
9.32608 -2.39867
6.59861 -1.40216
4.92414 -0.923095
2.51768 -0.208498
8.82774 -2.27988
8.34624 -2.14699
-9.50085 3.78618
-6.82913 2.98578
5.62365 -1.21967
8.75562 -2.16363
-5.19075 2.35995
-9.46406 3.73706
8.23844 -1.81553
-6.10115 2.54253
-7.82672 3.28302
3.47615 -0.467797
-0.327314 0.793996
3.69982 -0.523174
-0.489072 0.753395
-0.0140402 0.599096
-8.23496 3.27617
-0.786228 0.891137
-0.70308 0.968807
-8.50793 3.56125
-6.34824 2.80279
5.27204 -1.14166
-1.29603 0.916874
-3.8531 1.91245
0.0512766 0.523241
1.96275 -0.0336394
9.89464 -2.58751
3.90585 -0.629138
-0.169202 0.751214
0.0684024 0.485962
-1.67243 1.13741
4.03179 -0.764183
3.0135 -0.318579
-9.7765 4.04395
1.02147 0.380732
7.72001 -1.85514
-8.25646 3.45923
-2.75789 1.59467
9.36629 -2.59528
0.166289 0.614009
-4.68757 2.35817
5.26426 -0.881607
0.161073 0.758226
5.36373 -1.12732
3.0943 -0.26119
-4.36039 2.02846
-2.16554 1.40235
2.14041 -0.143437
9.87473 -2.59037
-8.35818 3.49636
-3.19779 1.87539
-6.71887 2.7924
8.61568 -2.21438
-6.58598 2.85127
0.994146 0.241711
8.20482 -1.84193
-5.2936 2.31481
-8.44633 3.35401
6.75526 -1.53324
3.1532 -0.173217
-5.64594 2.5402
-0.130531 0.751029
-1.80447 1.17001
0.239416 0.709428
-6.96508 3.04564
6.7656 -1.49767
5.46175 -1.18901
-7.1394 3.21346
9.85565 -2.60465
8.38171 -2.30621
9.51011 -2.4936
2.98396 -0.453255
6.0822 -1.28459
7.02628 -1.64475
2.72966 -0.212235
1.01057 0.304573
7.81887 -1.82415
0.928711 0.438413
-5.69004 2.5782
4.61911 -0.88656
7.73849 -1.67716
0.948543 0.469211
4.57324 -0.885979
-3.14588 1.68938
1.76669 0.122323
4.50502 -0.910075
-9.69603 3.85443
-8.97743 3.59806
2.20364 -0.185579
2.80952 -0.17607
-0.754786 0.956002
-7.17747 3.04453
6.8219 -1.75715
-5.92626 2.47512
1.2226 0.225746
5.84956 -1.29664
7.19622 -1.68279
-7.793 3.24196
-4.24376 2.24074
-3.48431 1.70731
2.59159 -0.0533126
7.47248 -1.78617
1.07701 0.315632
7.33382 -1.68441
-5.45628 2.51703
-8.62276 3.48801
3.11904 -0.475511
7.32964 -1.88165
8.11801 -2.10817
-2.52532 1.61728
6.528 -1.43339
4.79733 -0.94456
-2.40278 1.69577
3.51555 -0.710253
-7.63306 3.13761
-4.6525 2.23811
-8.35816 3.50989
-9.90717 3.76095
-5.11989 2.41242
6.06389 -1.463
1.06616 0.268875
-6.68995 2.71147
7.74772 -1.82937
-0.309346 0.650514
7.04006 -1.73057
-1.85363 1.24185
5.01089 -1.01443
9.74385 -2.73091
1.70351 0.226267
-2.0887 1.36316
-7.76228 3.17622
-2.86268 1.59214
-0.768687 0.846183
-3.80956 1.84189
4.86811 -1.19923
-6.16106 2.65204
5.99703 -1.20039
-6.62658 2.90344
-7.54669 3.15444
0.514542 0.443411
4.02915 -0.668094
-0.978486 1.08263
-1.23249 1.06298
7.9578 -2.01056
8.88331 -2.31411
-3.11518 1.61634
-4.23833 2.20881
-9.83976 3.96635
7.1227 -1.57443
-6.9074 2.9277
6.25946 -1.37894
-3.14664 1.76628
8.04814 -2.06908
-9.06812 3.51074
1.82762 0.063172
-0.863984 0.684507
-1.44796 1.07915
-9.16477 3.67194
-8.42644 3.52295
-7.13931 3.00925
1.17363 0.281253
7.46914 -1.81869
8.94124 -2.29715
-1.3161 1.15659
7.99236 -2.01762
-3.8329 1.82066
-7.62828 3.09682
-8.39348 3.66023
0.645708 0.396408
-8.56256 3.53714
-1.89035 1.43212
9.42095 -2.44189
4.32436 -0.717787
8.48323 -2.29117
-2.16096 1.49173
8.43267 -1.9991
-5.19875 2.36021
-7.89482 3.22858
4.75947 -0.864464
-4.85695 2.33968
-0.378365 0.726666
-5.25995 2.47917
-1.47392 0.928182
7.55318 -1.97232
-7.29942 3.00485
-1.1305 1.05209
-9.38142 3.68691
8.01191 -1.89878
-9.948 4.02783
4.23255 -0.747249
6.9113 -1.57712
-6.26158 2.7268
-0.0854606 0.656113
3.72122 -0.62876
2.04859 -0.0832713
-1.35076 1.07677
7.52311 -2.0313
-9.00919 3.67807
-6.23025 2.78318
-4.15764 2.16497
2.77369 -0.245035
9.98737 -2.85642
-8.29261 3.33777
-1.96703 1.26743
-6.9956 2.82654
-6.43361 2.71826
4.97963 -0.978026
0.937241 0.220149
0.966781 0.21624
5.21607 -1.07775
-1.72591 1.34382
2.50976 -0.19619
-2.41911 1.47689
0.429113 0.44348
5.90566 -0.930827
5.49994 -1.12165
-3.93481 1.92123
-3.66303 1.90281
-8.33647 3.57925
4.1442 -0.56858
-6.77099 2.8622
4.24349 -0.861875
1.88416 0.0200684
-2.32046 1.48236
-1.03398 0.901712
-6.21648 2.6823
-5.89856 2.55829
-4.17652 2.08866
3.67628 -0.577145
-7.13316 3.07361
-2.95298 1.69878
-5.34267 2.35962
2.83284 -0.205166
5.90925 -1.35293
8.49765 -2.14719
-8.71119 3.60565
-5.92157 2.55693
0.815252 0.210198
-4.32853 2.1289
8.92214 -2.19489
-2.36219 1.54388
-2.40659 1.50889
2.84 -0.335755
1.63918 0.244253
2.21781 0.0383367
-0.143148 0.935491
-6.34263 2.93149
-6.04905 2.81577
-5.40301 2.44485
-8.8221 3.70795
4.93869 -0.961631
6.90488 -1.61102
0.101457 0.616942
9.84606 -2.64032
4.9769 -0.742038
-4.83613 2.26718
-7.55596 3.2393
-2.84098 1.62036
-2.95187 1.60941
-9.14342 3.79973
7.39633 -1.78113
5.95544 -1.29532
7.45236 -1.76034
-0.897852 0.897841
6.02273 -1.42917
8.06914 -1.95988
-2.80652 1.47235
9.98783 -2.46261
5.89184 -1.50039
-2.3647 1.55862
-6.71754 2.92418
-2.15835 1.32258
-4.65281 1.97095
4.53138 -0.788411
7.77089 -1.8696
7.05632 -1.6948
-1.79514 1.2986
2.75219 -0.230936
8.58499 -2.29706
-5.26457 2.07439
6.53364 -1.58713
-3.3795 1.72452
-4.7013 2.413
-4.03948 1.92278
7.94153 -2.09259
3.18757 -0.444868
0.841011 0.296771
-0.424996 0.864662
-2.79249 1.54095
-8.49489 3.51088
6.19971 -1.377
0.250182 0.585143
-0.562662 0.852485
5.68241 -1.21155
7.42074 -1.78205
1.48223 0.0165297
-9.50776 3.80301
8.27306 -2.09093
-7.96349 3.16007
2.60579 -0.183439
-9.45756 3.69222
5.7984 -1.25734
8.57211 -2.27161
-5.94479 2.56084
-4.8096 2.37318
-9.43848 3.81689
-3.47637 1.72441
1.41912 0.227574
-0.543459 0.893427
2.47579 -0.179428
6.28729 -1.37148
6.37407 -1.5775
-3.71384 1.92753
1.02173 0.330132
-3.56331 1.81617
1.00126 0.160384
2.65993 -0.330103
-3.62259 1.79374
0.494542 0.663714
-1.46448 1.26701
4.77795 -0.887084
-9.72164 3.88285
2.96944 -0.174993
9.79459 -2.56195
7.78854 -1.83537
-7.89625 3.2094
-7.34845 3.15242
-5.58588 2.60586
5.17142 -0.968128
8.47661 -2.18332
8.01679 -1.9447
-8.08773 3.14326
-8.60497 3.42796
1.12048 0.353787
1.97092 0.00673639
-0.805693 0.777251
-8.94483 3.6358
-9.5118 3.64688
-2.89894 1.76558
8.68125 -2.3722
-5.7031 2.52455
-6.30108 2.75679
5.06287 -1.03833
-9.3133 3.79003
9.84705 -2.56136
3.09611 -0.457065
-5.79596 2.4041
1.66505 0.0411669
0.836197 0.376771
1.50676 -0.0150444
-0.346919 0.944314
4.79992 -0.952976
8.4687 -1.98471
-6.22337 2.79812
-8.29773 3.3178
0.998439 0.485186
-2.15847 1.46451
-6.42489 2.75393
2.38642 -0.254287
2.87356 -0.259802
-4.28228 2.19976
7.73993 -1.94103
9.42792 -2.57142
-1.54204 1.19197
8.16609 -2.0829
4.17211 -0.794387
-4.49411 2.1642
-2.54531 1.4371
0.251396 0.551599
2.46118 -0.111583
4.22736 -0.517883
3.49195 -0.416705
9.5279 -2.39539
8.25385 -2.0925
-2.05942 1.51843
0.921776 0.392112
-8.40339 3.28039
1.90978 0.096928
-4.59224 2.2217
-8.5031 3.49507
-6.71518 2.82846
1.62599 0.231693
5.29774 -1.22898
-5.8014 2.55471
-6.09626 2.62012
8.04963 -1.98808
-1.4948 1.27018
5.08879 -1.04856
-3.49011 1.99578
-6.92659 2.75671
7.34666 -1.72888
-4.13293 1.99082
-0.87209 1.20754
-9.35464 3.79095
5.14802 -0.998425
-8.5909 3.51004
-7.25768 3.12331
-1.41056 1.20392
9.95381 -2.5385
5.1778 -1.09618
4.36185 -0.906282
-2.19616 1.4051
-8.98228 3.56801
0.696151 0.497491
4.94583 -1.10978
-8.7227 3.4567
-6.0592 2.68296
-2.47865 1.52688
4.18935 -0.619892
6.23037 -1.31287
-6.60296 2.86147
-9.3052 3.74327
-5.55897 2.53698
-4.5067 2.30449
-9.54321 3.69227
1.52807 0.114586
-3.95014 1.92794
1.24366 0.0734229
-7.4631 3.12754
0.3018 0.451814
-7.06574 2.84736
-8.27303 3.31522
-7.63417 3.00092
4.63923 -0.913018
4.04464 -0.598888
-3.73688 1.8166
2.01562 -0.0690548
5.12674 -1.0489
6.80527 -1.69751
-8.47655 3.45339
5.84619 -1.40984
6.46389 -1.55468
-6.33661 2.82917
-6.45393 2.75891
0.68869 0.346127
0.0817037 0.45394
9.01078 -2.4241
-2.87636 1.51114
1.15802 0.289503
-4.50121 2.15666
7.52891 -1.90801
-6.89641 2.97739
-0.827805 1.03664
-2.40954 1.28881
-1.32466 1.08484
9.89997 -2.77287
8.26818 -1.96434
-2.28804 1.27217
8.82677 -2.21327
3.23475 -0.415332
-7.47089 3.24477
4.02506 -0.712544
2.39888 0.0278143
8.94318 -2.22431
-5.16541 2.38338
-4.13799 2.1398
3.70767 -0.538331
3.11289 -0.390384
-6.83493 3.0311
-0.348682 0.904234
-8.21918 3.32019
-0.961637 0.994757
1.09415 0.229762
4.6421 -1.06945
-5.33515 2.56235
3.97209 -0.732915
8.4351 -2.11473
-7.95038 3.31848
4.60826 -0.922676
1.69703 0.0781325
-2.91829 1.64223
8.9406 -2.38758
-5.56802 2.39048
-5.2066 2.19893
4.22108 -0.749147
-2.06581 1.3133
-9.71765 3.88676
2.15243 -0.0360545
-2.19937 1.28991
-2.4033 1.34055
-1.95658 1.19715
-8.0803 3.34775
5.80123 -1.0994
-6.63386 2.95505
0.267473 0.702665
4.70207 -0.828535
1.78077 0.121717
-3.57644 1.83909
9.18641 -2.48041
5.57703 -1.08412
8.4694 -2.10629
-6.57709 2.67443
3.68128 -0.401873
-0.040902 0.665028
6.80796 -1.53159
-5.68172 2.5192
1.11121 0.486004
2.47995 -0.0498324
-7.08723 2.99441
6.70685 -1.51746
-5.24882 2.29152
9.96928 -2.53324
5.99297 -1.46427
-7.19268 2.99332
-2.74241 1.64555
-3.90331 2.03277
9.14504 -2.3184
-1.42398 0.971502
5.91623 -1.40309
-3.62777 1.77965
2.91228 -0.259651
-0.769553 0.745735
-7.13229 3.01337
-5.56134 2.63371
-6.19248 2.86527
-0.313173 0.782237
-2.96394 1.49234
9.40335 -2.68059
-7.14621 3.35884
-6.24488 2.70591
-4.55733 2.05441
2.97612 -0.197754
8.43633 -2.0807
2.2714 0.105856
2.37401 -0.0433039
-2.5928 1.51808
-3.0661 1.71693
-6.90396 3.12436
-0.689148 0.832942
-7.01447 3.08525
9.23173 -2.38479
9.29737 -2.34901
-8.35787 3.45167
-7.28852 3.10651
-2.36581 1.3904
-6.30152 2.71503
-2.85389 1.64991
-3.9578 1.96956
-2.3698 1.48166
3.96353 -0.639084
8.33053 -2.18761
1.62511 0.1239
-8.64499 3.56834
9.88665 -2.67835
-0.793738 0.930125
-3.66087 1.86137
9.19584 -2.50438
3.47763 -0.38931
7.19502 -1.76585
-4.83591 2.02982
6.40569 -1.45967
-4.4846 1.98928
3.21889 -0.317934
6.61234 -1.42278
-0.930436 0.80623
8.22802 -1.9756
3.38716 -0.431042
-3.14321 1.53203
-8.54733 3.54914
-0.176185 0.685771
4.71646 -0.886469
-7.46293 3.01916
-0.591513 0.800492
-6.99391 2.94448
3.83123 -0.61228
-2.71148 1.59563
2.78293 -0.178733
4.53139 -0.854189
-5.98451 2.62786
-4.57155 2.14348
-0.645463 0.73946
-9.36542 3.89251
0.651594 0.364764
-2.73337 1.52631
-4.218 2.14204
5.26952 -0.932994
5.98833 -1.26203
-8.38123 3.38725
-7.97081 3.24773
5.75494 -1.21448
8.67788 -2.0657
-3.18176 1.77123
-1.43491 1.09783
-1.83713 1.17123
8.16882 -2.1549
4.98962 -1.00494
-6.55708 3.03196
9.89619 -2.46159
-5.39901 2.41582
1.56084 0.00419428
-7.10571 2.86619
-1.13822 1.19141
3.15311 -0.300104
-1.28105 1.01468
-7.70236 3.24163
-5.61371 2.36352
3.95332 -0.679565
-2.58486 1.48546
8.76324 -2.318
-6.35948 2.86609
9.08491 -2.43126
-6.15912 2.6057
2.49056 -0.149821
-2.30438 1.45065
-3.88403 1.87979
-4.94652 2.38623
-8.11426 3.36291
1.5732 0.21521
-2.18778 1.27242
4.22869 -0.734902
-2.75018 1.39812
5.24128 -1.06927
5.77956 -1.31853
-7.43164 3.09071
6.11867 -1.24011
-5.90121 2.72775
2.37557 -0.328894
2.1635 0.011008
2.43405 -0.208833
8.38677 -2.33841
8.64066 -2.19272
-4.59663 2.24982
-7.11936 3.1865
8.34728 -2.11549
7.59118 -1.80115
-3.97825 2.07653
-9.96333 3.9124
-6.20371 2.57836
-0.317381 0.641558
-6.88171 2.89543
9.6666 -2.46563
4.56982 -0.855547
-0.58674 1.05571
-1.11084 1.15145
8.4089 -2.1743
9.93683 -2.51114
-8.7137 3.50154
-3.31358 1.77756
1.7279 0.399381
-7.02882 3.09646
1.95752 0.021509
-4.98789 2.40043
2.79583 -0.168346
-5.58843 2.47723
-8.07819 3.22131
-2.76785 1.51545
-5.42081 2.35277
-8.38078 3.52155
7.84027 -2.04879
4.73717 -1.11667
-8.87085 3.62427
-8.62866 3.49661
-1.11341 1.11117
-4.72645 2.19405
3.33423 -0.339664
8.50913 -2.00454
-7.72318 3.24973
-9.72796 4.00262
8.22771 -2.01058
-5.15284 2.25832
0.621711 0.536285
-1.7726 1.46531
0.315076 0.734089
2.99615 -0.237774
-2.33869 1.42177
-5.76945 2.51764
8.79716 -2.19868
4.24247 -0.744885
-3.90233 1.93834
-5.74815 2.60343
1.50219 0.260614
-0.125521 0.52342
-9.92192 4.02697
-9.13089 3.85381
