0
0.25 1 0 2.11144 1.78886
0.75 1 0 2.11144 1.78886
1.25 1 0 2.11144 1.78886
1.75 1 0 2.11144 1.78886
2.25 1 0 2.11144 1.78886
2.75 1 0 2.11144 1.78886
3.25 1 0 2.11144 1.79863
3.75 1 0 2.11144 1.78886
4.25 1 0 2.11144 1.78886
4.75 1 0 2.12121 1.78886
5.25 1 0 2.15054 1.75953
5.75 1 0 2.21896 1.68133
6.25 1 0 2.25806 1.62268
6.75 1 0 2.28739 1.55425
7.25 1 0 2.32649 1.4565
7.75 1 0 2.40469 1.35875
8.25 1 0 2.46334 1.28055
8.75 1 0 2.49267 1.2219
9.25 1 0 2.51222 1.15347
9.75 1 0 2.54154 1.11437
10.25 1 0 2.54154 1.10459
10.75 1 0 2.55132 1.10459
11.25 1 0 2.56109 1.10459
11.75 1 0 2.57087 1.11437
12.25 1 0 2.58065 1.11437
12.75 1 0 2.59042 1.10459
13.25 1 0 2.60997 1.12414
13.75 1 0 2.61975 1.13392
14.25 1 0 2.62952 1.14369
14.75 1 0 2.6393 1.17302
15.25 1 0 2.6393 1.1828
15.75 1 0 2.64907 1.20235
16.25 1 0 2.65885 1.21212
16.75 1 0 2.64907 1.21212
17.25 1 0 2.65885 1.19257
17.75 1 0 2.6784 1.11437
18.25 1 0 2.68817 1.08504
18.75 1 0 2.69795 1.02639
19.25 1 0 2.7175 0.96774
19.75 1 0 2.72727 0.92864
20.25 1 0 2.73705 0.88954
20.75 1 0 2.73705 0.84066
21.25 1 0 2.74682 0.78201
21.75 1 0 2.74682 0.76246
22.25 1 0 2.77615 0.73314
22.75 1 0 2.7957 0.69404
23.25 1 0 2.81525 0.64516
23.75 1 0 2.88368 0.58651
24.25 1 0 2.9521 0.52786
24.75 1 0 3.01075 0.46921
25.25 1 0 3.05963 0.42033
25.75 1 0 3.09873 0.37146
26.25 1 0 3.11828 0.35191
26.75 1 0 3.11828 0.35191
27.25 1 0 3.08895 0.35191
27.75 1 0 3.0303 0.36168
28.25 1 0 2.9521 0.39101
28.75 1 0 2.92278 0.40078
29.25 1 0 2.84457 0.43011
29.75 1 0 2.82502 0.43011
30.25 1 0 2.80547 0.45943
30.75 1 0 2.80547 0.44966
31.25 1 0 2.80547 0.45943
31.75 1 0 2.80547 0.44966
32.25 1 0 2.7957 0.43988
32.75 1 0 2.7957 0.39101
33.25 1 0 2.78592 0.36168
33.75 1 0 2.78592 0.31281
34.25 1 0 2.78592 0.28348
34.75 1 0 2.77615 0.2346
35.25 1 0 2.76637 0.22483
35.75 1 0 2.7566 0.1955
36.25 1 0 2.7566 0.1955
36.75 1 0 2.74682 0.1955
37.25 1 0 2.73705 0.22483
37.75 1 0 2.7175 0.26393
38.25 1 0 2.68817 0.34213
38.75 1 0 2.6784 0.37146
39.25 1 0 2.66862 0.41056
39.75 1 0 2.64907 0.47898
40.25 1 0 2.6393 0.52786
40.75 1 0 2.6393 0.55718
41.25 1 0 2.61975 0.58651
41.75 1 0 2.61975 0.59629
42.25 1 0 2.54154 0.66471
42.75 1 0 2.51222 0.71359
43.25 1 0 2.49267 0.76246
43.75 1 0 2.44379 0.81134
44.25 1 0 2.40469 0.86022
44.75 1 0 2.33627 0.93842
45.25 1 0 2.29717 0.96774
45.75 1 0 2.29717 0.97752
46.25 1 0 2.29717 0.97752
46.75 1 0 2.30694 0.97752
47.25 1 0 2.31672 0.97752
47.75 1 0 2.34604 0.96774
48.25 1 0 2.38514 0.96774
48.75 1 0 2.41447 0.96774
49.25 1 0 2.44379 0.96774
49.75 1 0 2.45357 0.96774
50.25 1 0 2.46334 0.98729
50.75 1 0 2.47312 0.99707
51.25 1 0 2.47312 0.99707
51.75 1 0 2.47312 1.02639
52.25 1 0 2.46334 1.09482
52.75 1 0 2.43402 1.19257
53.25 1 0 2.42424 1.25122
53.75 1 0 2.38514 1.29032
54.25 1 0 2.32649 1.3783
54.75 1 0 2.30694 1.44673
55.25 1 0 2.28739 1.54448
55.75 1 0 2.26784 1.59335
56.25 1 0 2.23851 1.66178
56.75 1 0 2.21896 1.70088
57.25 1 0 2.20919 1.70088
57.75 1 0 2.20919 1.70088
58.25 1 0 2.20919 1.70088
58.75 1 0 2.20919 1.6911
59.25 1 0 2.20919 1.70088
59.75 1 0 2.20919 1.70088
