0.05 0 0
1.05 0 0
2.05 0 0
3.05 0 0
4.05 0 0
5.05 0 0
6.05 0 0
7.05 0 0
8.05 0 0
9.05 0 0
10.05 0 0
11.05 0 0
12.05 0 0
13.05 0 0
14.05 0 0
15.05 0 0
16.05 0 0
17.05 0 0
18.05 0 0
19.05 0 0
20.05 0 0
21.05 0 0
22.05 0 0
23.05 0 0
24.05 0 0
25.05 0 0
26.05 0 0
27.05 0 0
28.05 0 0
29.05 0 0
30.05 0 0
31.05 0 0
32.05 0 0
33.05 0 0
34.05 0 0
35.05 0 0
36.05 0 0
37.05 0 0
38.05 0 0
39.05 0 0
40.05 0 0
41.05 0 0
42.05 0 0
43.05 0 0
44.05 0 0
45.05 0 0
46.05 0 0
47.05 0 0
48.05 0 0
49.05 0 0
50.05 0 0
51.05 0 0
52.05 0 0
53.05 0 0
54.05 0 0
55.05 0 0
56.05 0 0
57.05 0 0
58.05 0 0
59.05 0 0
60.05 0 0
61.05 0 0
62.05 0 0
63.05 0 0
64.05 0 0
65.05 0 0
66.05 0 0
67.05 0 0
68.05 0 0
69.05 0 0
70.05 0 0
71.05 0 0
72.05 0 0
73.05 0 0
74.05 0 0
75.05 0 0
76.05 0 0
77.05 0 0
78.05 0 0
79.05 0 0
80.05 0 0
81.05 0 0
82.05 0 0
83.05 0 0
84.05 0 0
85.05 0 0
86.05 0 0
87.05 0 0
88.05 0 0
89.05 0 0
90.05 0 0
91.05 0 0
92.05 0 0
93.05 0 0
94.05 0 0
95.05 0 0
96.05 0 0
97.05 0 0
98.05 0 0
99.05 0 0
100.05 0 0
101.05 0 0
102.05 0 0
103.05 0 0
104.05 0 0
105.05 0 0
106.05 0 0
107.05 0 0
108.05 0 0
109.05 0 0
110.05 0 0
111.05 0 0
112.05 0 0
113.05 0 0
114.05 0 0
115.05 0 0
116.05 0 0
117.05 0 0
118.05 0 0
119.05 0 0
120.05 0 0
121.05 0 0
122.05 0 0
123.05 0 0
124.05 0 0
125.05 0 0
126.05 0 0
127.05 0 0
128.05 0 0
129.05 0 0
130.05 0 0
131.05 0 0
132.05 0 0
133.05 0 0
134.05 0 0
135.05 0 0
136.05 0 0
137.05 0 0
138.05 0 0
139.05 0 0
140.05 0 0
141.05 0 0
142.05 0 0
143.05 0 0
144.05 0 0
145.05 0 0
146.05 0 0
147.05 0 0
148.05 0 0
149.05 0 0
150.05 0 0
151.05 0 0
152.05 0 0
153.05 0 0
154.05 0 0
155.05 0 0
156.05 0 0
157.05 0 0
158.05 0 0
159.05 0 0
160.05 0 0
161.05 0 0
162.05 0 0
163.05 0 0
164.05 0 0
165.05 0 0
166.05 0 0
167.05 0 0
168.05 0 0
169.05 0 0
170.05 0 0
171.05 0 0
172.05 0 0
173.05 0 0
174.05 0 0
175.05 0 0
176.05 0 0
177.05 0 0
178.05 0 0
179.05 0 0
180.05 0 0
181.05 0 0
182.05 0 0
183.05 0 0
184.05 0 0
185.05 0 0
186.05 0 0
187.05 0 0
188.05 0 0
189.05 0 0
190.05 0 0
191.05 0 0
192.05 0 0
193.05 0 0
194.05 0 0
195.05 0 0
196.05 0 0
197.05 0 0
198.05 0 0
199.05 0 0
200.05 0 0
201.05 0 0
202.05 0 0
203.05 0 0
204.05 0 0
205.05 0 0
206.05 0 0
207.05 0 0
208.05 0 0
209.05 0 0
210.05 0 0
211.05 0 0
212.05 0 0
213.05 0 0
214.05 0 0
215.05 0 0
216.05 0 0
217.05 0 0
218.05 0 0
219.05 0 0
220.05 0 0
221.05 0 0
222.05 0 0
223.05 0 0
224.05 0 0
225.05 0 0
226.05 0 0
227.05 0 0
228.05 0 0
229.05 0 0
230.05 0 0
231.05 0 0
232.05 0 0
233.05 0 0
234.05 0 0
235.05 0 0
236.05 0 0
237.05 0 0
238.05 0 0
239.05 0 0
240.05 0 0
241.05 0 0
242.05 0 0
243.05 0 0
244.05 0 0
245.05 0 0
246.05 0 0
247.05 0 0
248.05 0 0
249.05 0 0
250.05 0 0
251.05 0 0
252.05 0 0
253.05 0 0
254.05 0 0
255.05 0 0
256.05 0 0
257.05 0 0
258.05 0 0
259.05 0 0
260.05 0 0
261.05 0 0
262.05 0 0
263.05 0 0
264.05 0 0
265.05 0 0
266.05 0 0
267.05 0 0
268.05 0 0
269.05 0 0
270.05 0 0
271.05 0 0
272.05 0 0
273.05 0 0
274.05 0 0
275.05 0 0
276.05 0 0
277.05 0 0
278.05 0 0
279.05 0 0
280.05 0 0
281.05 0 0
282.05 0 0
283.05 0 0
284.05 0 0
285.05 0 0
286.05 0 0
287.05 0 0
288.05 0 0
289.05 0 0
290.05 0 0
291.05 0 0
292.05 0 0
293.05 0 0
294.05 0 0
295.05 0 0
296.05 0 0
297.05 0 0
298.05 0 0
299.05 0 0
300.05 0 0
301.05 0 0
302.05 0 0
303.05 0 0
304.05 0 0
305.05 0 0
306.05 0 0
307.05 0 0
308.05 0 0
309.05 0 0
310.05 0 0
311.05 0 0
312.05 0 0
313.05 0 0
314.05 0 0
315.05 0 0
316.05 0 0
317.05 0 0
318.05 0 0
319.05 0 0
320.05 0 0
321.05 0 0
322.05 0 0
323.05 0 0
324.05 0 0
325.05 0 0
326.05 0 0
327.05 0 0
328.05 0 0
329.05 0 0
330.05 0 0
331.05 0 0
332.05 0 0
333.05 0 0
334.05 0 0
335.05 0 0
336.05 0 0
337.05 0 0
338.05 0 0
339.05 0 0
340.05 0 0
341.05 0 0
342.05 0 0
343.05 0 0
344.05 0 0
345.05 0 0
346.05 0 0
347.05 0 0
348.05 0 0
349.05 0 0
350.05 0 0
351.05 0 0
352.05 0 0
353.05 0 0
354.05 0 0
355.05 0 0
356.05 0 0
357.05 0 0
358.05 0 0
359.05 0 0
360.05 0 0
361.05 0 0
362.05 0 0
363.05 0 0
364.05 0 0
365.05 0 0
366.05 0 0
367.05 0 0
368.05 0 0
369.05 0 0
370.05 0 0
371.05 0 0
372.05 0 0
373.05 0 0
374.05 0 0
375.05 0 0
376.05 0 0
377.05 0 0
378.05 0 0
379.05 0 0
380.05 0 0
381.05 0 0
382.05 0 0
383.05 0 0
384.05 0 0
385.05 0 0
386.05 0 0
387.05 0 0
388.05 0 0
389.05 0 0
390.05 0 0
391.05 0 0
392.05 0 0
393.05 0 0
394.05 0 0
395.05 0 0
396.05 0 0
397.05 0 0
398.05 0 0
399.05 0 0
400.05 0 0
401.05 0 0
402.05 0 0
403.05 0 0
404.05 0 0
405.05 0 0
406.05 0 0
407.05 0 0
408.05 0 0
409.05 0 0
410.05 0 0
411.05 0 0
412.05 0 0
413.05 0 0
414.05 0 0
415.05 0 0
416.05 0 0
417.05 0 0
418.05 0 0
419.05 0 0
420.05 0 0
421.05 0 0
422.05 0 0
423.05 0 0
424.05 0 0
425.05 0 0
426.05 0 0
427.05 0 0
428.05 0 0
429.05 0 0
430.05 0 0
431.05 0 0
432.05 0 0
433.05 0 0
434.05 0 0
435.05 0 0
436.05 0 0
437.05 0 0
438.05 0 0
439.05 0 0
440.05 0 0
441.05 0 0
442.05 0 0
443.05 0 0
444.05 0 0
445.05 0 0
446.05 0 0
447.05 0 0
448.05 0 0
449.05 0 0
450.05 0 0
451.05 0 0
452.05 0 0
453.05 0 0
454.05 0 0
455.05 0 0
456.05 0 0
457.05 0 0
458.05 0 0
459.05 0 0
460.05 0 0
461.05 0 0
462.05 0 0
463.05 0 0
464.05 0 0
465.05 0 0
466.05 0 0
467.05 0 0
468.05 0 0
469.05 0 0
470.05 0 0
471.05 0 0
472.05 0 0
473.05 0 0
474.05 0 0
475.05 0 0
476.05 0 0
477.05 0 0
478.05 0 0
479.05 0 0
480.05 0 0
481.05 0 0
482.05 0 0
483.05 0 0
484.05 0 0
485.05 0 0
486.05 0 0
487.05 0 0
488.05 0 0
489.05 0 0
490.05 0 0
491.05 0 0
492.05 0 0
493.05 0 0
494.05 0 0
495.05 0 0
496.05 0 0
497.05 0 0
498.05 0 0
499.05 0 0
500.05 0 0
501.05 0 0
502.05 0 0
503.05 0 0
504.05 0 0
505.05 0 0
506.05 0 0
507.05 0 0
508.05 0 0
509.05 0 0
510.05 0 0
511.05 0 0
512.05 0 0
513.05 0 0
514.05 0 0
515.05 0 0
516.05 0 0
517.05 0 0
518.05 0 0
519.05 0 0
520.05 0 0
521.05 0 0
522.05 0 0
523.05 0 0
524.05 0 0
525.05 0 0
526.05 0 0
527.05 0 0
528.05 0 0
529.05 0 0
530.05 0 0
531.05 0 0
532.05 0 0
533.05 0 0
534.05 0 0
535.05 0 0
536.05 0 0
537.05 0 0
538.05 0 0
539.05 0 0
540.05 0 0
541.05 0 0
542.05 0 0
543.05 0 0
544.05 0 0
545.05 0 0
546.05 0 0
547.05 0 0
548.05 0 0
549.05 0 0
550.05 0 0
551.05 0 0
552.05 0 0
553.05 0 0
554.05 0 0
555.05 0 0
556.05 0 0
557.05 0 0
558.05 0 0
559.05 0 0
560.05 0 0
561.05 0 0
562.05 0 0
563.05 0 0
564.05 0 0
565.05 0 0
566.05 0 0
567.05 0 0
568.05 0 0
569.05 0 0
570.05 0 0
571.05 0 0
572.05 0 0
573.05 0 0
574.05 0 0
575.05 0 0
576.05 0 0
577.05 0 0
578.05 0 0
579.05 0 0
580.05 0 0
581.05 0 0
582.05 0 0
583.05 0 0
584.05 0 0
585.05 0 0
586.05 0 0
587.05 0 0
588.05 0 0
589.05 0 0
590.05 0 0
591.05 0 0
592.05 0 0
593.05 0 0
594.05 0 0
595.05 0 0
596.05 0 0
597.05 0 0
598.05 0 0
599.05 0 0
600.05 0 0
601.05 0 0
602.05 0 0
603.05 0 0
604.05 0 0
605.05 0 0
606.05 0 0
607.05 0 0
608.05 0 0
609.05 0 0
610.05 0 0
611.05 0 0
612.05 0 0
613.05 0 0
614.05 0 0
615.05 0 0
616.05 0 0
617.05 0 0
618.05 0 0
619.05 0 0
620.05 0 0
621.05 0 0
622.05 0 0
623.05 0 0
624.05 0 0
625.05 0 0
626.05 0 0
627.05 0 0
628.05 0 0
629.05 0 0
630.05 0 0
631.05 0 0
632.05 0 0
633.05 0 0
634.05 0 0
635.05 0 0
636.05 0 0
637.05 0 0
638.05 0 0
639.05 0 0
640.05 0 0
641.05 0 0
642.05 0 0
643.05 0 0
644.05 0 0
645.05 0 0
646.05 0 0
647.05 0 0
648.05 0 0
649.05 0 0
650.05 0 0
651.05 0 0
652.05 0 0
653.05 0 0
654.05 0 0
655.05 0 0
656.05 0 0
657.05 0 0
658.05 0 0
659.05 0 0
660.05 0 0
661.05 0 0
662.05 0 0
663.05 0 0
664.05 0 0
665.05 0 0
666.05 0 0
667.05 0 0
668.05 0 0
669.05 0 0
670.05 0 0
671.05 0 0
672.05 0 0
673.05 0 0
674.05 0 0
675.05 0 0
676.05 0 0
677.05 0 0
678.05 0 0
679.05 0 0
680.05 0 0
681.05 0 0
682.05 0 0
683.05 0 0
684.05 0 0
685.05 0 0
686.05 0 0
687.05 0 0
688.05 0 0
689.05 0 0
690.05 0 0
691.05 0 0
692.05 0 0
693.05 0 0
694.05 0 0
695.05 0 0
696.05 0 0
697.05 0 0
698.05 0 0
699.05 0 0
700.05 0 0
701.05 0 0
702.05 0 0
703.05 0 0
704.05 0 0
705.05 0 0
706.05 0 0
707.05 0 0
708.05 0 0
709.05 0 0
710.05 0 0
711.05 0 0
712.05 0 0
713.05 0 0
714.05 0 0
715.05 0 0
716.05 0 0
717.05 0 0
718.05 0 0
719.05 0 0
720.05 0 0
721.05 0 0
722.05 0 0
723.05 0 0
724.05 0 0
725.05 0 0
726.05 0 0
727.05 0 0
728.05 0 0
729.05 0 0
730.05 0 0
731.05 0 0
732.05 0 0
733.05 0 0
734.05 0 0
735.05 0 0
736.05 0 0
737.05 0 0
738.05 0 0
739.05 0 0
740.05 0 0
741.05 0 0
742.05 0 0
743.05 0 0
744.05 0 0
745.05 0 0
746.05 0 0
747.05 0 0
748.05 0 0
749.05 0 0
750.05 0 0
751.05 0 0
752.05 0 0
753.05 0 0
754.05 0 0
755.05 0 0
756.05 0 0
757.05 0 0
758.05 0 0
759.05 0 0
760.05 0 0
761.05 0 0
762.05 0 0
763.05 0 0
764.05 0 0
765.05 0 0
766.05 0 0
767.05 0 0
768.05 0 0
769.05 0 0
770.05 0 0
771.05 0 0
772.05 0 0
773.05 0 0
774.05 0 0
775.05 0 0
776.05 0 0
777.05 0 0
778.05 0 0
779.05 0 0
780.05 0 0
781.05 0 0
782.05 0 0
783.05 0 0
784.05 0 0
785.05 0 0
786.05 0 0
787.05 0 0
788.05 0 0
789.05 0 0
790.05 0 0
791.05 0 0
792.05 0 0
793.05 0 0
794.05 0 0
795.05 0 0
796.05 0 0
797.05 0 0
798.05 0 0
799.05 0 0
800.05 0 0
801.05 0 0
802.05 0 0
803.05 0 0
804.05 0 0
805.05 0 0
806.05 0 0
807.05 0 0
808.05 0 0
809.05 0 0
810.05 0 0
811.05 0 0
812.05 0 0
813.05 0 0
814.05 0 0
815.05 0 0
816.05 0 0
817.05 0 0
818.05 0 0
819.05 0 0
820.05 0 0
821.05 0 0
822.05 0 0
823.05 0 0
824.05 0 0
825.05 0 0
826.05 0 0
827.05 0 0
828.05 0 0
829.05 0 0
830.05 0 0
831.05 0 0
832.05 0 0
833.05 0 0
834.05 0 0
835.05 0 0
836.05 0 0
837.05 0 0
838.05 0 0
839.05 0 0
840.05 0 0
841.05 0 0
842.05 0 0
843.05 0 0
844.05 0 0
845.05 0 0
846.05 0 0
847.05 0 0
848.05 0 0
849.05 0 0
850.05 0 0
851.05 0 0
852.05 0 0
853.05 0 0
854.05 0 0
855.05 0 0
856.05 0 0
857.05 0 0
858.05 0 0
859.05 0 0
860.05 0 0
861.05 0 0
862.05 0 0
863.05 0 0
864.05 0 0
865.05 0 0
866.05 0 0
867.05 0 0
868.05 0 0
869.05 0 0
870.05 0 0
871.05 0 0
872.05 0 0
873.05 0 0
874.05 0 0
875.05 0 0
876.05 0 0
877.05 0 0
878.05 0 0
879.05 0 0
880.05 0 0
881.05 0 0
882.05 0 0
883.05 0 0
884.05 0 0
885.05 0 0
886.05 0 0
887.05 0 0
888.05 0 0
889.05 0 0
890.05 0 0
891.05 0 0
892.05 0 0
893.05 0 0
894.05 0 0
895.05 0 0
896.05 0 0
897.05 0 0
898.05 0 0
899.05 0 0
900.05 0 0
901.05 0 0
902.05 0 0
903.05 0 0
904.05 0 0
905.05 0 0
906.05 0 0
907.05 0 0
908.05 0 0
909.05 0 0
910.05 0 0
911.05 0 0
912.05 0 0
913.05 0 0
914.05 0 0
915.05 0 0
916.05 0 0
917.05 0 0
918.05 0 0
919.05 0 0
920.05 0 0
921.05 0 0
922.05 0 0
923.05 0 0
924.05 0 0
925.05 0 0
926.05 0 0
927.05 0 0
928.05 0 0
929.05 0 0
930.05 0 0
931.05 0 0
932.05 0 0
933.05 0 0
934.05 0 0
935.05 0 0
936.05 0 0
937.05 0 0
938.05 0 0
939.05 0 0
940.05 0 0
941.05 0 0
942.05 0 0
943.05 0 0
944.05 0 0
945.05 0 0
946.05 0 0
947.05 0 0
948.05 0 0
949.05 0 0
950.05 0 0
951.05 0 0
952.05 0 0
953.05 0 0
954.05 0 0
955.05 0 0
956.05 0 0
957.05 0 0
958.05 0 0
959.05 0 0
960.05 0 0
961.05 0 0
962.05 0 0
963.05 0 0
964.05 0 0
965.05 0 0
966.05 0 0
967.05 0 0
968.05 0 0
969.05 0 0
970.05 0 0
971.05 0 0
972.05 0 0
973.05 0 0
974.05 0 0
975.05 0 0
976.05 0 0
977.05 0 0
978.05 0 0
979.05 0 0
980.05 0 0
981.05 0 0
982.05 0 0
983.05 0 0
984.05 0 0
985.05 0 0
986.05 0 0
987.05 0 0
988.05 0 0
989.05 0 0
990.05 0 0
991.05 0 0
992.05 0 0
993.05 0 0
994.05 0 0
995.05 0 0
996.05 0 0
997.05 0 0
998.05 0 0
999.05 0 0
