4:56
1.00 0 0
86401.00 0 0
172801.00 0 0
259201.00 0 0
345601.00 0 0
432001.00 0 0
518401.00 0 0
604801.00 0 0
691201.00 0 0
777601.00 0 0
864001.00 0 0
950401.00 0 0
1036801.00 0 0
1123201.00 0 0
1209601.00 0 0
1296001.00 0 0
1382401.00 0 0
1468801.00 0 0
1555201.00 0 0
1641601.00 0 0
1728001.00 0 0
1814401.00 0 0
1900801.00 0 0
1987201.00 0 0
2073601.00 0 0
2160001.00 0 0
2246401.00 0 0
2332801.00 0 0
2419201.00 0 0
2505601.00 0 0
2592001.00 0 0
2678401.00 0 0
2764801.00 0 0
2851201.00 0 0
2937601.00 0 0
3024001.00 0 0
3110401.00 0 0
3196801.00 0 0
3283201.00 0 0
3369601.00 0 0
3456001.00 0 0
3542401.00 0 0
3628801.00 0 0
3715201.00 0 0
3801601.00 0 0
3888001.00 0 0
3974401.00 0 0
4060801.00 0 0
4147201.00 0 0
4233601.00 0 0
4320001.00 0 0
4406401.00 0 0
4492801.00 0 0
4579201.00 0 0
4665601.00 0 0
4752001.00 0 0
4838401.00 0 0
4924801.00 0 0
5011201.00 0 0
5097601.00 0 0
5184001.00 0 0
5270401.00 0 0
5356801.00 0 0
5443201.00 0 0
5529601.00 0 0
5616001.00 0 0
5702401.00 0 0
5788801.00 0 0
5875201.00 0 0
5961601.00 0 0
6048001.00 0 0
6134401.00 0 0
6220801.00 0 0
6307201.00 0 0
6393601.00 0 0
6480001.00 0 0
6566401.00 0 0
6652801.00 0 0
6739201.00 0 0
6825601.00 0 0
6912001.00 0 0
6998401.00 0 0
7084801.00 0 0
7171201.00 0 0
7257601.00 0 0
7344001.00 0 0
7430401.00 0 0
7516801.00 0 0
7603201.00 0 0
7689601.00 0 0
7776001.00 0 0
7862401.00 0 0
7948801.00 0 0
8035201.00 0 0
8121601.00 0 0
8208001.00 0 0
8294401.00 0 0
8380801.00 0 0
8467201.00 0 0
8553601.00 0 0
8640001.00 0 0
8726401.00 0 0
8812801.00 0 0
8899201.00 0 0
8985601.00 0 0
9072001.00 0 0
9158401.00 0 0
9244801.00 0 0
9331201.00 0 0
9417601.00 0 0
9504001.00 0 0
9590401.00 0 0
9676801.00 0 0
9763201.00 0 0
9849601.00 0 0
9936001.00 0 0
10022401.00 0 0
10108801.00 0 0
10195201.00 0 0
10281601.00 0 0
10368001.00 0 0
10454401.00 0 0
10540801.00 0 0
10627201.00 0 0
10713601.00 0 0
10800001.00 0 0
10886401.00 0 0
10972801.00 0 0
11059201.00 0 0
11145601.00 0 0
11232001.00 0 0
11318401.00 0 0
11404801.00 0 0
11491201.00 0 0
11577601.00 0 0
11664001.00 0 0
11750401.00 0 0
11836801.00 0 0
11923201.00 0 0
12009601.00 0 0
12096001.00 0 0
12182401.00 0 0
12268801.00 0 0
12355201.00 0 0
12441601.00 0 0
12528001.00 0 0
12614401.00 0 0
12700801.00 0 0
12787201.00 0 0
12873601.00 0 0
12960001.00 0 0
13046401.00 0 0
13132801.00 0 0
13219201.00 0 0
13305601.00 0 0
13392001.00 0 0
13478401.00 0 0
13564801.00 0 0
13651201.00 0 0
13737601.00 0 0
13824001.00 0 0
13910401.00 0 0
13996801.00 0 0
14083201.00 0 0
14169601.00 0 0
14256001.00 0 0
14342401.00 0 0
14428801.00 0 0
14515201.00 0 0
14601601.00 0 0
14688001.00 0 0
14774401.00 0 0
14860801.00 0 0
14947201.00 0 0
15033601.00 0 0
15120001.00 0 0
15206401.00 0 0
15292801.00 0 0
15379201.00 0 0
15465601.00 0 0
15552001.00 0 0
15638401.00 0 0
15724801.00 0 0
15811201.00 0 0
15897601.00 0 0
15984001.00 0 0
16070401.00 0 0
16156801.00 0 0
16243201.00 0 0
16329601.00 0 0
16416001.00 0 0
16502401.00 0 0
16588801.00 0 0
16675201.00 0 0
16761601.00 0 0
16848001.00 0 0
16934401.00 0 0
17020801.00 0 0
17107201.00 0 0
17193601.00 0 0
17280001.00 0 0
17366401.00 0 0
17452801.00 0 0
17539201.00 0 0
17625601.00 0 0
17712001.00 0 0
17798401.00 0 0
17884801.00 0 0
17971201.00 0 0
18057601.00 0 0
18144001.00 0 0
18230401.00 0 0
18316801.00 0 0
18403201.00 0 0
18489601.00 0 0
18576001.00 0 0
18662401.00 0 0
18748801.00 0 0
18835201.00 0 0
18921601.00 0 0
19008001.00 0 0
19094401.00 0 0
19180801.00 0 0
19267201.00 0 0
19353601.00 0 0
19440001.00 0 0
19526401.00 0 0
19612801.00 0 0
19699201.00 0 0
19785601.00 0 0
19872001.00 0 0
19958401.00 0 0
20044801.00 0 0
20131201.00 0 0
20217601.00 0 0
20304001.00 0 0
20390401.00 0 0
20476801.00 0 0
20563201.00 0 0
20649601.00 0 0
20736001.00 0 0
20822401.00 0 0
20908801.00 0 0
20995201.00 0 0
21081601.00 0 0
21168001.00 0 0
21254401.00 0 0
21340801.00 0 0
21427201.00 0 0
21513601.00 0 0
21600001.00 0 0
21686401.00 0 0
21772801.00 0 0
21859201.00 0 0
21945601.00 0 0
22032001.00 0 0
22118401.00 0 0
22204801.00 0 0
22291201.00 0 0
22377601.00 0 0
22464001.00 0 0
22550401.00 0 0
22636801.00 0 0
22723201.00 0 0
22809601.00 0 0
22896001.00 0 0
22982401.00 0 0
23068801.00 0 0
23155201.00 0 0
23241601.00 0 0
23328001.00 0 0
23414401.00 0 0
23500801.00 0 0
23587201.00 0 0
23673601.00 0 0
23760001.00 0 0
23846401.00 0 0
23932801.00 0 0
24019201.00 0 0
24105601.00 0 0
24192001.00 0 0
24278401.00 0 0
24364801.00 0 0
24451201.00 0 0
24537601.00 0 0
24624001.00 0 0
24710401.00 0 0
24796801.00 0 0
24883201.00 0 0
24969601.00 0 0
25056001.00 0 0
25142401.00 0 0
25228801.00 0 0
25315201.00 0 0
25401601.00 0 0
25488001.00 0 0
25574401.00 0 0
25660801.00 0 0
25747201.00 0 0
25833601.00 0 0
25920001.00 0 0
26006401.00 0 0
26092801.00 0 0
26179201.00 0 0
26265601.00 0 0
26352001.00 0 0
26438401.00 0 0
26524801.00 0 0
26611201.00 0 0
26697601.00 0 0
26784001.00 0 0
26870401.00 0 0
26956801.00 0 0
27043201.00 0 0
27129601.00 0 0
27216001.00 0 0
27302401.00 0 0
27388801.00 0 0
27475201.00 0 0
27561601.00 0 0
27648001.00 0 0
27734401.00 0 0
27820801.00 0 0
27907201.00 0 0
27993601.00 0 0
28080001.00 0 0
28166401.00 0 0
28252801.00 0 0
28339201.00 0 0
28425601.00 0 0
28512001.00 0 0
28598401.00 0 0
28684801.00 0 0
28771201.00 0 0
28857601.00 0 0
28944001.00 0 0
29030401.00 0 0
29116801.00 0 0
29203201.00 0 0
29289601.00 0 0
29376001.00 0 0
29462401.00 0 0
29548801.00 0 0
29635201.00 0 0
29721601.00 0 0
29808001.00 0 0
29894401.00 0 0
29980801.00 0 0
30067201.00 0 0
30153601.00 0 0
30240001.00 0 0
30326401.00 0 0
30412801.00 0 0
30499201.00 0 0
30585601.00 0 0
30672001.00 0 0
30758401.00 0 0
30844801.00 0 0
30931201.00 0 0
31017601.00 0 0
31104001.00 0 0
31190401.00 0 0
31276801.00 0 0
31363201.00 0 0
31449601.00 0 0
31536001.00 0 0
