1:00
1.00 0 0
61.00 0 0
121.00 0 0
181.00 0 0
241.00 0 0
301.00 0 0
361.00 0 0
421.00 0 0
481.00 0 0
541.00 0 0
601.00 0 0
661.00 0 0
721.00 0 0
781.00 0 0
841.00 0 0
901.00 0 0
961.00 0 0
1021.00 0 0
1081.00 0 0
1141.00 0 0
1201.00 0 0
1261.00 0 0
1321.00 0 0
1381.00 0 0
1441.00 0 0
1501.00 0 0
1561.00 0 0
1621.00 0 0
1681.00 0 0
1741.00 0 0
1801.00 0 0
1861.00 0 0
1921.00 0 0
1981.00 0 0
2041.00 0 0
2101.00 0 0
2161.00 0 0
2221.00 0 0
2281.00 0 0
2341.00 0 0
2401.00 0 0
2461.00 0 0
2521.00 0 0
2581.00 0 0
2641.00 0 0
2701.00 0 0
2761.00 0 0
2821.00 0 0
2881.00 0 0
2941.00 0 0
3001.00 0 0
3061.00 0 0
3121.00 0 0
3181.00 0 0
3241.00 0 0
3301.00 0 0
3361.00 0 0
3421.00 0 0
3481.00 0 0
3541.00 0 0
3601.00 0 0
