39306
39611
76342
-95644
2585
69454
-44196
-17534
64655
-52812
30549
91955
8390
26754
65305
24305
20967
-94874
48080
6094
55139
26801
-2248
17760
-69990
-22218
74666
69344
-26013
99098
71604
-36102
-23634
66768
-7149
-3687
49136
-78877
68478
-98735
36514
4608
-24445
-80014
17064
251
46220
87572
-49914
23297
55693
-23562
57177
93675
18084
35263
-47853
13668
-54107
30288
-65710
-24169
50368
-88018
11449
88198
-52906
-20442
33314
-54610
-82925
-53827
65095
373
-33726
10264
35399
20692
-87361
12042
-66620
-11652
10412
-42701
57330
85473
34885
-50256
-87417
38489
37469
-77145
-80027
14807
-95753
-44042
-95361
70188
24468
-71611
