3
20
 400 380 360 340 320 101 121 141 161 181 201 221 241 261 281 100  80  60  40  20
 399 379 359 339 319 102 122 142 162 182 202 222 242 262 282  99  79  59  39  19
 398 378 358 338 318 103 123 143 163 183 203 223 243 263 283  98  78  58  38  18
 397 377 357 337 317 104 124 144 164 184 204 224 244 264 284  97  77  57  37  17
 396 376 356 336 316 105 125 145 165 185 205 225 245 265 285  96  76  56  36  16
   6  26  46  66  86 295 275 255 235 215 195 175 155 135 115 306 326 346 366 386
   7  27  47  67  87 294 274 254 234 214 194 174 154 134 114 307 327 347 367 387
   8  28  48  68  88 293 273 253 233 213 193 173 153 133 113 308 328 348 368 388
   9  29  49  69  89 292 272 252 232 212 192 172 152 132 112 309 329 349 369 389
  10  30  50  70  90 291 271 251 231 211 191 171 151 131 111 310 330 350 370 390
  11  31  51  71  91 290 270 250 230 210 190 170 150 130 110 311 331 351 371 391
  12  32  52  72  92 289 269 249 229 209 189 169 149 129 109 312 332 352 372 392
  13  33  53  73  93 288 268 248 228 208 188 168 148 128 108 313 333 353 373 393
  14  34  54  74  94 287 267 247 227 207 187 167 147 127 107 314 334 354 374 394
  15  35  55  75  95 286 266 246 226 206 186 166 146 126 106 315 335 355 375 395
 385 365 345 325 305 116 136 156 176 196 216 236 256 276 296  85  65  45  25   5
 384 364 344 324 304 117 137 157 177 197 217 237 257 277 297  84  64  44  24   4
 383 363 343 323 303 118 138 158 178 198 218 238 258 278 298  83  63  43  23   3
 382 362 342 322 302 119 139 159 179 199 219 239 259 279 299  82  62  42  22   2
 381 361 341 321 301 120 140 160 180 200 220 240 260 280 300  81  61  41  21   0
99
 4952 5053 5154 5255 5356 5457 5558 5659 5760 5861 5962 6063 6164 6265 6366 6467 6568 6669 6770 6871 6972 7073 7174 7275 7376 7477 7578 7679 7780 7881 7982 8083 8184 8285 8386 8487 8588 8689 8790 8891 8992 9093 9194 9295 9396 9497 9598 9699 9800   1 102 203 304 405 506 607 708 809 910 1011 1112 1213 1314 1415 1516 1617 1718 1819 1920 2021 2122 2223 2324 2425 2526 2627 2728 2829 2930 3031 3132 3233 3334 3435 3536 3637 3738 3839 3940 4041 4142 4243 4344 4445 4546 4647 4748 4849 4950
 5052 5153 5254 5355 5456 5557 5658 5759 5860 5961 6062 6163 6264 6365 6466 6567 6668 6769 6870 6971 7072 7173 7274 7375 7476 7577 7678 7779 7880 7981 8082 8183 8284 8385 8486 8587 8688 8789 8890 8991 9092 9193 9294 9395 9496 9597 9698 9799  99 101 202 303 404 505 606 707 808 909 1010 1111 1212 1313 1414 1515 1616 1717 1818 1919 2020 2121 2222 2323 2424 2525 2626 2727 2828 2929 3030 3131 3232 3333 3434 3535 3636 3737 3838 3939 4040 4141 4242 4343 4444 4545 4646 4747 4848 4949 4951
 5152 5253 5354 5455 5556 5657 5758 5859 5960 6061 6162 6263 6364 6465 6566 6667 6768 6869 6970 7071 7172 7273 7374 7475 7576 7677 7778 7879 7980 8081 8182 8283 8384 8485 8586 8687 8788 8889 8990 9091 9192 9293 9394 9495 9596 9697 9798  98 100 201 302 403 504 605 706 807 908 1009 1110 1211 1312 1413 1514 1615 1716 1817 1918 2019 2120 2221 2322 2423 2524 2625 2726 2827 2928 3029 3130 3231 3332 3433 3534 3635 3736 3837 3938 4039 4140 4241 4342 4443 4544 4645 4746 4847 4948 5049 5051
 5252 5353 5454 5555 5656 5757 5858 5959 6060 6161 6262 6363 6464 6565 6666 6767 6868 6969 7070 7171 7272 7373 7474 7575 7676 7777 7878 7979 8080 8181 8282 8383 8484 8585 8686 8787 8888 8989 9090 9191 9292 9393 9494 9595 9696 9797  97 198 200 301 402 503 604 705 806 907 1008 1109 1210 1311 1412 1513 1614 1715 1816 1917 2018 2119 2220 2321 2422 2523 2624 2725 2826 2927 3028 3129 3230 3331 3432 3533 3634 3735 3836 3937 4038 4139 4240 4341 4442 4543 4644 4745 4846 4947 5048 5050 5151
 5352 5453 5554 5655 5756 5857 5958 6059 6160 6261 6362 6463 6564 6665 6766 6867 6968 7069 7170 7271 7372 7473 7574 7675 7776 7877 7978 8079 8180 8281 8382 8483 8584 8685 8786 8887 8988 9089 9190 9291 9392 9493 9594 9695 9796  96 197 199 300 401 502 603 704 805 906 1007 1108 1209 1310 1411 1512 1613 1714 1815 1916 2017 2118 2219 2320 2421 2522 2623 2724 2825 2926 3027 3128 3229 3330 3431 3532 3633 3734 3835 3936 4037 4138 4239 4340 4441 4542 4643 4744 4845 4946 5047 5148 5150 5251
 5452 5553 5654 5755 5856 5957 6058 6159 6260 6361 6462 6563 6664 6765 6866 6967 7068 7169 7270 7371 7472 7573 7674 7775 7876 7977 8078 8179 8280 8381 8482 8583 8684 8785 8886 8987 9088 9189 9290 9391 9492 9593 9694 9795  95 196 297 299 400 501 602 703 804 905 1006 1107 1208 1309 1410 1511 1612 1713 1814 1915 2016 2117 2218 2319 2420 2521 2622 2723 2824 2925 3026 3127 3228 3329 3430 3531 3632 3733 3834 3935 4036 4137 4238 4339 4440 4541 4642 4743 4844 4945 5046 5147 5149 5250 5351
 5552 5653 5754 5855 5956 6057 6158 6259 6360 6461 6562 6663 6764 6865 6966 7067 7168 7269 7370 7471 7572 7673 7774 7875 7976 8077 8178 8279 8380 8481 8582 8683 8784 8885 8986 9087 9188 9289 9390 9491 9592 9693 9794  94 195 296 298 399 500 601 702 803 904 1005 1106 1207 1308 1409 1510 1611 1712 1813 1914 2015 2116 2217 2318 2419 2520 2621 2722 2823 2924 3025 3126 3227 3328 3429 3530 3631 3732 3833 3934 4035 4136 4237 4338 4439 4540 4641 4742 4843 4944 5045 5146 5247 5249 5350 5451
 5652 5753 5854 5955 6056 6157 6258 6359 6460 6561 6662 6763 6864 6965 7066 7167 7268 7369 7470 7571 7672 7773 7874 7975 8076 8177 8278 8379 8480 8581 8682 8783 8884 8985 9086 9187 9288 9389 9490 9591 9692 9793  93 194 295 396 398 499 600 701 802 903 1004 1105 1206 1307 1408 1509 1610 1711 1812 1913 2014 2115 2216 2317 2418 2519 2620 2721 2822 2923 3024 3125 3226 3327 3428 3529 3630 3731 3832 3933 4034 4135 4236 4337 4438 4539 4640 4741 4842 4943 5044 5145 5246 5248 5349 5450 5551
 5752 5853 5954 6055 6156 6257 6358 6459 6560 6661 6762 6863 6964 7065 7166 7267 7368 7469 7570 7671 7772 7873 7974 8075 8176 8277 8378 8479 8580 8681 8782 8883 8984 9085 9186 9287 9388 9489 9590 9691 9792  92 193 294 395 397 498 599 700 801 902 1003 1104 1205 1306 1407 1508 1609 1710 1811 1912 2013 2114 2215 2316 2417 2518 2619 2720 2821 2922 3023 3124 3225 3326 3427 3528 3629 3730 3831 3932 4033 4134 4235 4336 4437 4538 4639 4740 4841 4942 5043 5144 5245 5346 5348 5449 5550 5651
 5852 5953 6054 6155 6256 6357 6458 6559 6660 6761 6862 6963 7064 7165 7266 7367 7468 7569 7670 7771 7872 7973 8074 8175 8276 8377 8478 8579 8680 8781 8882 8983 9084 9185 9286 9387 9488 9589 9690 9791  91 192 293 394 495 497 598 699 800 901 1002 1103 1204 1305 1406 1507 1608 1709 1810 1911 2012 2113 2214 2315 2416 2517 2618 2719 2820 2921 3022 3123 3224 3325 3426 3527 3628 3729 3830 3931 4032 4133 4234 4335 4436 4537 4638 4739 4840 4941 5042 5143 5244 5345 5347 5448 5549 5650 5751
 5952 6053 6154 6255 6356 6457 6558 6659 6760 6861 6962 7063 7164 7265 7366 7467 7568 7669 7770 7871 7972 8073 8174 8275 8376 8477 8578 8679 8780 8881 8982 9083 9184 9285 9386 9487 9588 9689 9790  90 191 292 393 494 496 597 698 799 900 1001 1102 1203 1304 1405 1506 1607 1708 1809 1910 2011 2112 2213 2314 2415 2516 2617 2718 2819 2920 3021 3122 3223 3324 3425 3526 3627 3728 3829 3930 4031 4132 4233 4334 4435 4536 4637 4738 4839 4940 5041 5142 5243 5344 5445 5447 5548 5649 5750 5851
 6052 6153 6254 6355 6456 6557 6658 6759 6860 6961 7062 7163 7264 7365 7466 7567 7668 7769 7870 7971 8072 8173 8274 8375 8476 8577 8678 8779 8880 8981 9082 9183 9284 9385 9486 9587 9688 9789  89 190 291 392 493 594 596 697 798 899 1000 1101 1202 1303 1404 1505 1606 1707 1808 1909 2010 2111 2212 2313 2414 2515 2616 2717 2818 2919 3020 3121 3222 3323 3424 3525 3626 3727 3828 3929 4030 4131 4232 4333 4434 4535 4636 4737 4838 4939 5040 5141 5242 5343 5444 5446 5547 5648 5749 5850 5951
 6152 6253 6354 6455 6556 6657 6758 6859 6960 7061 7162 7263 7364 7465 7566 7667 7768 7869 7970 8071 8172 8273 8374 8475 8576 8677 8778 8879 8980 9081 9182 9283 9384 9485 9586 9687 9788  88 189 290 391 492 593 595 696 797 898 999 1100 1201 1302 1403 1504 1605 1706 1807 1908 2009 2110 2211 2312 2413 2514 2615 2716 2817 2918 3019 3120 3221 3322 3423 3524 3625 3726 3827 3928 4029 4130 4231 4332 4433 4534 4635 4736 4837 4938 5039 5140 5241 5342 5443 5544 5546 5647 5748 5849 5950 6051
 6252 6353 6454 6555 6656 6757 6858 6959 7060 7161 7262 7363 7464 7565 7666 7767 7868 7969 8070 8171 8272 8373 8474 8575 8676 8777 8878 8979 9080 9181 9282 9383 9484 9585 9686 9787  87 188 289 390 491 592 693 695 796 897 998 1099 1200 1301 1402 1503 1604 1705 1806 1907 2008 2109 2210 2311 2412 2513 2614 2715 2816 2917 3018 3119 3220 3321 3422 3523 3624 3725 3826 3927 4028 4129 4230 4331 4432 4533 4634 4735 4836 4937 5038 5139 5240 5341 5442 5543 5545 5646 5747 5848 5949 6050 6151
 6352 6453 6554 6655 6756 6857 6958 7059 7160 7261 7362 7463 7564 7665 7766 7867 7968 8069 8170 8271 8372 8473 8574 8675 8776 8877 8978 9079 9180 9281 9382 9483 9584 9685 9786  86 187 288 389 490 591 692 694 795 896 997 1098 1199 1300 1401 1502 1603 1704 1805 1906 2007 2108 2209 2310 2411 2512 2613 2714 2815 2916 3017 3118 3219 3320 3421 3522 3623 3724 3825 3926 4027 4128 4229 4330 4431 4532 4633 4734 4835 4936 5037 5138 5239 5340 5441 5542 5643 5645 5746 5847 5948 6049 6150 6251
 6452 6553 6654 6755 6856 6957 7058 7159 7260 7361 7462 7563 7664 7765 7866 7967 8068 8169 8270 8371 8472 8573 8674 8775 8876 8977 9078 9179 9280 9381 9482 9583 9684 9785  85 186 287 388 489 590 691 792 794 895 996 1097 1198 1299 1400 1501 1602 1703 1804 1905 2006 2107 2208 2309 2410 2511 2612 2713 2814 2915 3016 3117 3218 3319 3420 3521 3622 3723 3824 3925 4026 4127 4228 4329 4430 4531 4632 4733 4834 4935 5036 5137 5238 5339 5440 5541 5642 5644 5745 5846 5947 6048 6149 6250 6351
 6552 6653 6754 6855 6956 7057 7158 7259 7360 7461 7562 7663 7764 7865 7966 8067 8168 8269 8370 8471 8572 8673 8774 8875 8976 9077 9178 9279 9380 9481 9582 9683 9784  84 185 286 387 488 589 690 791 793 894 995 1096 1197 1298 1399 1500 1601 1702 1803 1904 2005 2106 2207 2308 2409 2510 2611 2712 2813 2914 3015 3116 3217 3318 3419 3520 3621 3722 3823 3924 4025 4126 4227 4328 4429 4530 4631 4732 4833 4934 5035 5136 5237 5338 5439 5540 5641 5742 5744 5845 5946 6047 6148 6249 6350 6451
 6652 6753 6854 6955 7056 7157 7258 7359 7460 7561 7662 7763 7864 7965 8066 8167 8268 8369 8470 8571 8672 8773 8874 8975 9076 9177 9278 9379 9480 9581 9682 9783  83 184 285 386 487 588 689 790 891 893 994 1095 1196 1297 1398 1499 1600 1701 1802 1903 2004 2105 2206 2307 2408 2509 2610 2711 2812 2913 3014 3115 3216 3317 3418 3519 3620 3721 3822 3923 4024 4125 4226 4327 4428 4529 4630 4731 4832 4933 5034 5135 5236 5337 5438 5539 5640 5741 5743 5844 5945 6046 6147 6248 6349 6450 6551
 6752 6853 6954 7055 7156 7257 7358 7459 7560 7661 7762 7863 7964 8065 8166 8267 8368 8469 8570 8671 8772 8873 8974 9075 9176 9277 9378 9479 9580 9681 9782  82 183 284 385 486 587 688 789 890 892 993 1094 1195 1296 1397 1498 1599 1700 1801 1902 2003 2104 2205 2306 2407 2508 2609 2710 2811 2912 3013 3114 3215 3316 3417 3518 3619 3720 3821 3922 4023 4124 4225 4326 4427 4528 4629 4730 4831 4932 5033 5134 5235 5336 5437 5538 5639 5740 5841 5843 5944 6045 6146 6247 6348 6449 6550 6651
 6852 6953 7054 7155 7256 7357 7458 7559 7660 7761 7862 7963 8064 8165 8266 8367 8468 8569 8670 8771 8872 8973 9074 9175 9276 9377 9478 9579 9680 9781  81 182 283 384 485 586 687 788 889 990 992 1093 1194 1295 1396 1497 1598 1699 1800 1901 2002 2103 2204 2305 2406 2507 2608 2709 2810 2911 3012 3113 3214 3315 3416 3517 3618 3719 3820 3921 4022 4123 4224 4325 4426 4527 4628 4729 4830 4931 5032 5133 5234 5335 5436 5537 5638 5739 5840 5842 5943 6044 6145 6246 6347 6448 6549 6650 6751
 6952 7053 7154 7255 7356 7457 7558 7659 7760 7861 7962 8063 8164 8265 8366 8467 8568 8669 8770 8871 8972 9073 9174 9275 9376 9477 9578 9679 9780  80 181 282 383 484 585 686 787 888 989 991 1092 1193 1294 1395 1496 1597 1698 1799 1900 2001 2102 2203 2304 2405 2506 2607 2708 2809 2910 3011 3112 3213 3314 3415 3516 3617 3718 3819 3920 4021 4122 4223 4324 4425 4526 4627 4728 4829 4930 5031 5132 5233 5334 5435 5536 5637 5738 5839 5940 5942 6043 6144 6245 6346 6447 6548 6649 6750 6851
 7052 7153 7254 7355 7456 7557 7658 7759 7860 7961 8062 8163 8264 8365 8466 8567 8668 8769 8870 8971 9072 9173 9274 9375 9476 9577 9678 9779  79 180 281 382 483 584 685 786 887 988 1089 1091 1192 1293 1394 1495 1596 1697 1798 1899 2000 2101 2202 2303 2404 2505 2606 2707 2808 2909 3010 3111 3212 3313 3414 3515 3616 3717 3818 3919 4020 4121 4222 4323 4424 4525 4626 4727 4828 4929 5030 5131 5232 5333 5434 5535 5636 5737 5838 5939 5941 6042 6143 6244 6345 6446 6547 6648 6749 6850 6951
 7152 7253 7354 7455 7556 7657 7758 7859 7960 8061 8162 8263 8364 8465 8566 8667 8768 8869 8970 9071 9172 9273 9374 9475 9576 9677 9778  78 179 280 381 482 583 684 785 886 987 1088 1090 1191 1292 1393 1494 1595 1696 1797 1898 1999 2100 2201 2302 2403 2504 2605 2706 2807 2908 3009 3110 3211 3312 3413 3514 3615 3716 3817 3918 4019 4120 4221 4322 4423 4524 4625 4726 4827 4928 5029 5130 5231 5332 5433 5534 5635 5736 5837 5938 6039 6041 6142 6243 6344 6445 6546 6647 6748 6849 6950 7051
 7252 7353 7454 7555 7656 7757 7858 7959 8060 8161 8262 8363 8464 8565 8666 8767 8868 8969 9070 9171 9272 9373 9474 9575 9676 9777  77 178 279 380 481 582 683 784 885 986 1087 1188 1190 1291 1392 1493 1594 1695 1796 1897 1998 2099 2200 2301 2402 2503 2604 2705 2806 2907 3008 3109 3210 3311 3412 3513 3614 3715 3816 3917 4018 4119 4220 4321 4422 4523 4624 4725 4826 4927 5028 5129 5230 5331 5432 5533 5634 5735 5836 5937 6038 6040 6141 6242 6343 6444 6545 6646 6747 6848 6949 7050 7151
 7352 7453 7554 7655 7756 7857 7958 8059 8160 8261 8362 8463 8564 8665 8766 8867 8968 9069 9170 9271 9372 9473 9574 9675 9776  76 177 278 379 480 581 682 783 884 985 1086 1187 1189 1290 1391 1492 1593 1694 1795 1896 1997 2098 2199 2300 2401 2502 2603 2704 2805 2906 3007 3108 3209 3310 3411 3512 3613 3714 3815 3916 4017 4118 4219 4320 4421 4522 4623 4724 4825 4926 5027 5128 5229 5330 5431 5532 5633 5734 5835 5936 6037 6138 6140 6241 6342 6443 6544 6645 6746 6847 6948 7049 7150 7251
 7452 7553 7654 7755 7856 7957 8058 8159 8260 8361 8462 8563 8664 8765 8866 8967 9068 9169 9270 9371 9472 9573 9674 9775  75 176 277 378 479 580 681 782 883 984 1085 1186 1287 1289 1390 1491 1592 1693 1794 1895 1996 2097 2198 2299 2400 2501 2602 2703 2804 2905 3006 3107 3208 3309 3410 3511 3612 3713 3814 3915 4016 4117 4218 4319 4420 4521 4622 4723 4824 4925 5026 5127 5228 5329 5430 5531 5632 5733 5834 5935 6036 6137 6139 6240 6341 6442 6543 6644 6745 6846 6947 7048 7149 7250 7351
 7552 7653 7754 7855 7956 8057 8158 8259 8360 8461 8562 8663 8764 8865 8966 9067 9168 9269 9370 9471 9572 9673 9774  74 175 276 377 478 579 680 781 882 983 1084 1185 1286 1288 1389 1490 1591 1692 1793 1894 1995 2096 2197 2298 2399 2500 2601 2702 2803 2904 3005 3106 3207 3308 3409 3510 3611 3712 3813 3914 4015 4116 4217 4318 4419 4520 4621 4722 4823 4924 5025 5126 5227 5328 5429 5530 5631 5732 5833 5934 6035 6136 6237 6239 6340 6441 6542 6643 6744 6845 6946 7047 7148 7249 7350 7451
 7652 7753 7854 7955 8056 8157 8258 8359 8460 8561 8662 8763 8864 8965 9066 9167 9268 9369 9470 9571 9672 9773  73 174 275 376 477 578 679 780 881 982 1083 1184 1285 1386 1388 1489 1590 1691 1792 1893 1994 2095 2196 2297 2398 2499 2600 2701 2802 2903 3004 3105 3206 3307 3408 3509 3610 3711 3812 3913 4014 4115 4216 4317 4418 4519 4620 4721 4822 4923 5024 5125 5226 5327 5428 5529 5630 5731 5832 5933 6034 6135 6236 6238 6339 6440 6541 6642 6743 6844 6945 7046 7147 7248 7349 7450 7551
 7752 7853 7954 8055 8156 8257 8358 8459 8560 8661 8762 8863 8964 9065 9166 9267 9368 9469 9570 9671 9772  72 173 274 375 476 577 678 779 880 981 1082 1183 1284 1385 1387 1488 1589 1690 1791 1892 1993 2094 2195 2296 2397 2498 2599 2700 2801 2902 3003 3104 3205 3306 3407 3508 3609 3710 3811 3912 4013 4114 4215 4316 4417 4518 4619 4720 4821 4922 5023 5124 5225 5326 5427 5528 5629 5730 5831 5932 6033 6134 6235 6336 6338 6439 6540 6641 6742 6843 6944 7045 7146 7247 7348 7449 7550 7651
 7852 7953 8054 8155 8256 8357 8458 8559 8660 8761 8862 8963 9064 9165 9266 9367 9468 9569 9670 9771  71 172 273 374 475 576 677 778 879 980 1081 1182 1283 1384 1485 1487 1588 1689 1790 1891 1992 2093 2194 2295 2396 2497 2598 2699 2800 2901 3002 3103 3204 3305 3406 3507 3608 3709 3810 3911 4012 4113 4214 4315 4416 4517 4618 4719 4820 4921 5022 5123 5224 5325 5426 5527 5628 5729 5830 5931 6032 6133 6234 6335 6337 6438 6539 6640 6741 6842 6943 7044 7145 7246 7347 7448 7549 7650 7751
 7952 8053 8154 8255 8356 8457 8558 8659 8760 8861 8962 9063 9164 9265 9366 9467 9568 9669 9770  70 171 272 373 474 575 676 777 878 979 1080 1181 1282 1383 1484 1486 1587 1688 1789 1890 1991 2092 2193 2294 2395 2496 2597 2698 2799 2900 3001 3102 3203 3304 3405 3506 3607 3708 3809 3910 4011 4112 4213 4314 4415 4516 4617 4718 4819 4920 5021 5122 5223 5324 5425 5526 5627 5728 5829 5930 6031 6132 6233 6334 6435 6437 6538 6639 6740 6841 6942 7043 7144 7245 7346 7447 7548 7649 7750 7851
 8052 8153 8254 8355 8456 8557 8658 8759 8860 8961 9062 9163 9264 9365 9466 9567 9668 9769  69 170 271 372 473 574 675 776 877 978 1079 1180 1281 1382 1483 1584 1586 1687 1788 1889 1990 2091 2192 2293 2394 2495 2596 2697 2798 2899 3000 3101 3202 3303 3404 3505 3606 3707 3808 3909 4010 4111 4212 4313 4414 4515 4616 4717 4818 4919 5020 5121 5222 5323 5424 5525 5626 5727 5828 5929 6030 6131 6232 6333 6434 6436 6537 6638 6739 6840 6941 7042 7143 7244 7345 7446 7547 7648 7749 7850 7951
 8152 8253 8354 8455 8556 8657 8758 8859 8960 9061 9162 9263 9364 9465 9566 9667 9768  68 169 270 371 472 573 674 775 876 977 1078 1179 1280 1381 1482 1583 1585 1686 1787 1888 1989 2090 2191 2292 2393 2494 2595 2696 2797 2898 2999 3100 3201 3302 3403 3504 3605 3706 3807 3908 4009 4110 4211 4312 4413 4514 4615 4716 4817 4918 5019 5120 5221 5322 5423 5524 5625 5726 5827 5928 6029 6130 6231 6332 6433 6534 6536 6637 6738 6839 6940 7041 7142 7243 7344 7445 7546 7647 7748 7849 7950 8051
 8252 8353 8454 8555 8656 8757 8858 8959 9060 9161 9262 9363 9464 9565 9666 9767  67 168 269 370 471 572 673 774 875 976 1077 1178 1279 1380 1481 1582 1683 1685 1786 1887 1988 2089 2190 2291 2392 2493 2594 2695 2796 2897 2998 3099 3200 3301 3402 3503 3604 3705 3806 3907 4008 4109 4210 4311 4412 4513 4614 4715 4816 4917 5018 5119 5220 5321 5422 5523 5624 5725 5826 5927 6028 6129 6230 6331 6432 6533 6535 6636 6737 6838 6939 7040 7141 7242 7343 7444 7545 7646 7747 7848 7949 8050 8151
 8352 8453 8554 8655 8756 8857 8958 9059 9160 9261 9362 9463 9564 9665 9766  66 167 268 369 470 571 672 773 874 975 1076 1177 1278 1379 1480 1581 1682 1684 1785 1886 1987 2088 2189 2290 2391 2492 2593 2694 2795 2896 2997 3098 3199 3300 3401 3502 3603 3704 3805 3906 4007 4108 4209 4310 4411 4512 4613 4714 4815 4916 5017 5118 5219 5320 5421 5522 5623 5724 5825 5926 6027 6128 6229 6330 6431 6532 6633 6635 6736 6837 6938 7039 7140 7241 7342 7443 7544 7645 7746 7847 7948 8049 8150 8251
 8452 8553 8654 8755 8856 8957 9058 9159 9260 9361 9462 9563 9664 9765  65 166 267 368 469 570 671 772 873 974 1075 1176 1277 1378 1479 1580 1681 1782 1784 1885 1986 2087 2188 2289 2390 2491 2592 2693 2794 2895 2996 3097 3198 3299 3400 3501 3602 3703 3804 3905 4006 4107 4208 4309 4410 4511 4612 4713 4814 4915 5016 5117 5218 5319 5420 5521 5622 5723 5824 5925 6026 6127 6228 6329 6430 6531 6632 6634 6735 6836 6937 7038 7139 7240 7341 7442 7543 7644 7745 7846 7947 8048 8149 8250 8351
 8552 8653 8754 8855 8956 9057 9158 9259 9360 9461 9562 9663 9764  64 165 266 367 468 569 670 771 872 973 1074 1175 1276 1377 1478 1579 1680 1781 1783 1884 1985 2086 2187 2288 2389 2490 2591 2692 2793 2894 2995 3096 3197 3298 3399 3500 3601 3702 3803 3904 4005 4106 4207 4308 4409 4510 4611 4712 4813 4914 5015 5116 5217 5318 5419 5520 5621 5722 5823 5924 6025 6126 6227 6328 6429 6530 6631 6732 6734 6835 6936 7037 7138 7239 7340 7441 7542 7643 7744 7845 7946 8047 8148 8249 8350 8451
 8652 8753 8854 8955 9056 9157 9258 9359 9460 9561 9662 9763  63 164 265 366 467 568 669 770 871 972 1073 1174 1275 1376 1477 1578 1679 1780 1881 1883 1984 2085 2186 2287 2388 2489 2590 2691 2792 2893 2994 3095 3196 3297 3398 3499 3600 3701 3802 3903 4004 4105 4206 4307 4408 4509 4610 4711 4812 4913 5014 5115 5216 5317 5418 5519 5620 5721 5822 5923 6024 6125 6226 6327 6428 6529 6630 6731 6733 6834 6935 7036 7137 7238 7339 7440 7541 7642 7743 7844 7945 8046 8147 8248 8349 8450 8551
 8752 8853 8954 9055 9156 9257 9358 9459 9560 9661 9762  62 163 264 365 466 567 668 769 870 971 1072 1173 1274 1375 1476 1577 1678 1779 1880 1882 1983 2084 2185 2286 2387 2488 2589 2690 2791 2892 2993 3094 3195 3296 3397 3498 3599 3700 3801 3902 4003 4104 4205 4306 4407 4508 4609 4710 4811 4912 5013 5114 5215 5316 5417 5518 5619 5720 5821 5922 6023 6124 6225 6326 6427 6528 6629 6730 6831 6833 6934 7035 7136 7237 7338 7439 7540 7641 7742 7843 7944 8045 8146 8247 8348 8449 8550 8651
 8852 8953 9054 9155 9256 9357 9458 9559 9660 9761  61 162 263 364 465 566 667 768 869 970 1071 1172 1273 1374 1475 1576 1677 1778 1879 1980 1982 2083 2184 2285 2386 2487 2588 2689 2790 2891 2992 3093 3194 3295 3396 3497 3598 3699 3800 3901 4002 4103 4204 4305 4406 4507 4608 4709 4810 4911 5012 5113 5214 5315 5416 5517 5618 5719 5820 5921 6022 6123 6224 6325 6426 6527 6628 6729 6830 6832 6933 7034 7135 7236 7337 7438 7539 7640 7741 7842 7943 8044 8145 8246 8347 8448 8549 8650 8751
 8952 9053 9154 9255 9356 9457 9558 9659 9760  60 161 262 363 464 565 666 767 868 969 1070 1171 1272 1373 1474 1575 1676 1777 1878 1979 1981 2082 2183 2284 2385 2486 2587 2688 2789 2890 2991 3092 3193 3294 3395 3496 3597 3698 3799 3900 4001 4102 4203 4304 4405 4506 4607 4708 4809 4910 5011 5112 5213 5314 5415 5516 5617 5718 5819 5920 6021 6122 6223 6324 6425 6526 6627 6728 6829 6930 6932 7033 7134 7235 7336 7437 7538 7639 7740 7841 7942 8043 8144 8245 8346 8447 8548 8649 8750 8851
 9052 9153 9254 9355 9456 9557 9658 9759  59 160 261 362 463 564 665 766 867 968 1069 1170 1271 1372 1473 1574 1675 1776 1877 1978 2079 2081 2182 2283 2384 2485 2586 2687 2788 2889 2990 3091 3192 3293 3394 3495 3596 3697 3798 3899 4000 4101 4202 4303 4404 4505 4606 4707 4808 4909 5010 5111 5212 5313 5414 5515 5616 5717 5818 5919 6020 6121 6222 6323 6424 6525 6626 6727 6828 6929 6931 7032 7133 7234 7335 7436 7537 7638 7739 7840 7941 8042 8143 8244 8345 8446 8547 8648 8749 8850 8951
 9152 9253 9354 9455 9556 9657 9758  58 159 260 361 462 563 664 765 866 967 1068 1169 1270 1371 1472 1573 1674 1775 1876 1977 2078 2080 2181 2282 2383 2484 2585 2686 2787 2888 2989 3090 3191 3292 3393 3494 3595 3696 3797 3898 3999 4100 4201 4302 4403 4504 4605 4706 4807 4908 5009 5110 5211 5312 5413 5514 5615 5716 5817 5918 6019 6120 6221 6322 6423 6524 6625 6726 6827 6928 7029 7031 7132 7233 7334 7435 7536 7637 7738 7839 7940 8041 8142 8243 8344 8445 8546 8647 8748 8849 8950 9051
 9252 9353 9454 9555 9656 9757  57 158 259 360 461 562 663 764 865 966 1067 1168 1269 1370 1471 1572 1673 1774 1875 1976 2077 2178 2180 2281 2382 2483 2584 2685 2786 2887 2988 3089 3190 3291 3392 3493 3594 3695 3796 3897 3998 4099 4200 4301 4402 4503 4604 4705 4806 4907 5008 5109 5210 5311 5412 5513 5614 5715 5816 5917 6018 6119 6220 6321 6422 6523 6624 6725 6826 6927 7028 7030 7131 7232 7333 7434 7535 7636 7737 7838 7939 8040 8141 8242 8343 8444 8545 8646 8747 8848 8949 9050 9151
 9352 9453 9554 9655 9756  56 157 258 359 460 561 662 763 864 965 1066 1167 1268 1369 1470 1571 1672 1773 1874 1975 2076 2177 2179 2280 2381 2482 2583 2684 2785 2886 2987 3088 3189 3290 3391 3492 3593 3694 3795 3896 3997 4098 4199 4300 4401 4502 4603 4704 4805 4906 5007 5108 5209 5310 5411 5512 5613 5714 5815 5916 6017 6118 6219 6320 6421 6522 6623 6724 6825 6926 7027 7128 7130 7231 7332 7433 7534 7635 7736 7837 7938 8039 8140 8241 8342 8443 8544 8645 8746 8847 8948 9049 9150 9251
 9452 9553 9654 9755  55 156 257 358 459 560 661 762 863 964 1065 1166 1267 1368 1469 1570 1671 1772 1873 1974 2075 2176 2277 2279 2380 2481 2582 2683 2784 2885 2986 3087 3188 3289 3390 3491 3592 3693 3794 3895 3996 4097 4198 4299 4400 4501 4602 4703 4804 4905 5006 5107 5208 5309 5410 5511 5612 5713 5814 5915 6016 6117 6218 6319 6420 6521 6622 6723 6824 6925 7026 7127 7129 7230 7331 7432 7533 7634 7735 7836 7937 8038 8139 8240 8341 8442 8543 8644 8745 8846 8947 9048 9149 9250 9351
 9552 9653 9754  54 155 256 357 458 559 660 761 862 963 1064 1165 1266 1367 1468 1569 1670 1771 1872 1973 2074 2175 2276 2278 2379 2480 2581 2682 2783 2884 2985 3086 3187 3288 3389 3490 3591 3692 3793 3894 3995 4096 4197 4298 4399 4500 4601 4702 4803 4904 5005 5106 5207 5308 5409 5510 5611 5712 5813 5914 6015 6116 6217 6318 6419 6520 6621 6722 6823 6924 7025 7126 7227 7229 7330 7431 7532 7633 7734 7835 7936 8037 8138 8239 8340 8441 8542 8643 8744 8845 8946 9047 9148 9249 9350 9451
 9652 9753  53 154 255 356 457 558 659 760 861 962 1063 1164 1265 1366 1467 1568 1669 1770 1871 1972 2073 2174 2275 2376 2378 2479 2580 2681 2782 2883 2984 3085 3186 3287 3388 3489 3590 3691 3792 3893 3994 4095 4196 4297 4398 4499 4600 4701 4802 4903 5004 5105 5206 5307 5408 5509 5610 5711 5812 5913 6014 6115 6216 6317 6418 6519 6620 6721 6822 6923 7024 7125 7226 7228 7329 7430 7531 7632 7733 7834 7935 8036 8137 8238 8339 8440 8541 8642 8743 8844 8945 9046 9147 9248 9349 9450 9551
 9752  52 153 254 355 456 557 658 759 860 961 1062 1163 1264 1365 1466 1567 1668 1769 1870 1971 2072 2173 2274 2375 2377 2478 2579 2680 2781 2882 2983 3084 3185 3286 3387 3488 3589 3690 3791 3892 3993 4094 4195 4296 4397 4498 4599 4700 4801 4902 5003 5104 5205 5306 5407 5508 5609 5710 5811 5912 6013 6114 6215 6316 6417 6518 6619 6720 6821 6922 7023 7124 7225 7326 7328 7429 7530 7631 7732 7833 7934 8035 8136 8237 8338 8439 8540 8641 8742 8843 8944 9045 9146 9247 9348 9449 9550 9651
  51 152 253 354 455 556 657 758 859 960 1061 1162 1263 1364 1465 1566 1667 1768 1869 1970 2071 2172 2273 2374 2475 2477 2578 2679 2780 2881 2982 3083 3184 3285 3386 3487 3588 3689 3790 3891 3992 4093 4194 4295 4396 4497 4598 4699 4800 4901 5002 5103 5204 5305 5406 5507 5608 5709 5810 5911 6012 6113 6214 6315 6416 6517 6618 6719 6820 6921 7022 7123 7224 7325 7327 7428 7529 7630 7731 7832 7933 8034 8135 8236 8337 8438 8539 8640 8741 8842 8943 9044 9145 9246 9347 9448 9549 9650 9751
 151 252 353 454 555 656 757 858 959 1060 1161 1262 1363 1464 1565 1666 1767 1868 1969 2070 2171 2272 2373 2474 2476 2577 2678 2779 2880 2981 3082 3183 3284 3385 3486 3587 3688 3789 3890 3991 4092 4193 4294 4395 4496 4597 4698 4799 4900 5001 5102 5203 5304 5405 5506 5607 5708 5809 5910 6011 6112 6213 6314 6415 6516 6617 6718 6819 6920 7021 7122 7223 7324 7425 7427 7528 7629 7730 7831 7932 8033 8134 8235 8336 8437 8538 8639 8740 8841 8942 9043 9144 9245 9346 9447 9548 9649 9750  50
 251 352 453 554 655 756 857 958 1059 1160 1261 1362 1463 1564 1665 1766 1867 1968 2069 2170 2271 2372 2473 2574 2576 2677 2778 2879 2980 3081 3182 3283 3384 3485 3586 3687 3788 3889 3990 4091 4192 4293 4394 4495 4596 4697 4798 4899 5000 5101 5202 5303 5404 5505 5606 5707 5808 5909 6010 6111 6212 6313 6414 6515 6616 6717 6818 6919 7020 7121 7222 7323 7424 7426 7527 7628 7729 7830 7931 8032 8133 8234 8335 8436 8537 8638 8739 8840 8941 9042 9143 9244 9345 9446 9547 9648 9749  49 150
 351 452 553 654 755 856 957 1058 1159 1260 1361 1462 1563 1664 1765 1866 1967 2068 2169 2270 2371 2472 2573 2575 2676 2777 2878 2979 3080 3181 3282 3383 3484 3585 3686 3787 3888 3989 4090 4191 4292 4393 4494 4595 4696 4797 4898 4999 5100 5201 5302 5403 5504 5605 5706 5807 5908 6009 6110 6211 6312 6413 6514 6615 6716 6817 6918 7019 7120 7221 7322 7423 7524 7526 7627 7728 7829 7930 8031 8132 8233 8334 8435 8536 8637 8738 8839 8940 9041 9142 9243 9344 9445 9546 9647 9748  48 149 250
 451 552 653 754 855 956 1057 1158 1259 1360 1461 1562 1663 1764 1865 1966 2067 2168 2269 2370 2471 2572 2673 2675 2776 2877 2978 3079 3180 3281 3382 3483 3584 3685 3786 3887 3988 4089 4190 4291 4392 4493 4594 4695 4796 4897 4998 5099 5200 5301 5402 5503 5604 5705 5806 5907 6008 6109 6210 6311 6412 6513 6614 6715 6816 6917 7018 7119 7220 7321 7422 7523 7525 7626 7727 7828 7929 8030 8131 8232 8333 8434 8535 8636 8737 8838 8939 9040 9141 9242 9343 9444 9545 9646 9747  47 148 249 350
 551 652 753 854 955 1056 1157 1258 1359 1460 1561 1662 1763 1864 1965 2066 2167 2268 2369 2470 2571 2672 2674 2775 2876 2977 3078 3179 3280 3381 3482 3583 3684 3785 3886 3987 4088 4189 4290 4391 4492 4593 4694 4795 4896 4997 5098 5199 5300 5401 5502 5603 5704 5805 5906 6007 6108 6209 6310 6411 6512 6613 6714 6815 6916 7017 7118 7219 7320 7421 7522 7623 7625 7726 7827 7928 8029 8130 8231 8332 8433 8534 8635 8736 8837 8938 9039 9140 9241 9342 9443 9544 9645 9746  46 147 248 349 450
 651 752 853 954 1055 1156 1257 1358 1459 1560 1661 1762 1863 1964 2065 2166 2267 2368 2469 2570 2671 2772 2774 2875 2976 3077 3178 3279 3380 3481 3582 3683 3784 3885 3986 4087 4188 4289 4390 4491 4592 4693 4794 4895 4996 5097 5198 5299 5400 5501 5602 5703 5804 5905 6006 6107 6208 6309 6410 6511 6612 6713 6814 6915 7016 7117 7218 7319 7420 7521 7622 7624 7725 7826 7927 8028 8129 8230 8331 8432 8533 8634 8735 8836 8937 9038 9139 9240 9341 9442 9543 9644 9745  45 146 247 348 449 550
 751 852 953 1054 1155 1256 1357 1458 1559 1660 1761 1862 1963 2064 2165 2266 2367 2468 2569 2670 2771 2773 2874 2975 3076 3177 3278 3379 3480 3581 3682 3783 3884 3985 4086 4187 4288 4389 4490 4591 4692 4793 4894 4995 5096 5197 5298 5399 5500 5601 5702 5803 5904 6005 6106 6207 6308 6409 6510 6611 6712 6813 6914 7015 7116 7217 7318 7419 7520 7621 7722 7724 7825 7926 8027 8128 8229 8330 8431 8532 8633 8734 8835 8936 9037 9138 9239 9340 9441 9542 9643 9744  44 145 246 347 448 549 650
 851 952 1053 1154 1255 1356 1457 1558 1659 1760 1861 1962 2063 2164 2265 2366 2467 2568 2669 2770 2871 2873 2974 3075 3176 3277 3378 3479 3580 3681 3782 3883 3984 4085 4186 4287 4388 4489 4590 4691 4792 4893 4994 5095 5196 5297 5398 5499 5600 5701 5802 5903 6004 6105 6206 6307 6408 6509 6610 6711 6812 6913 7014 7115 7216 7317 7418 7519 7620 7721 7723 7824 7925 8026 8127 8228 8329 8430 8531 8632 8733 8834 8935 9036 9137 9238 9339 9440 9541 9642 9743  43 144 245 346 447 548 649 750
 951 1052 1153 1254 1355 1456 1557 1658 1759 1860 1961 2062 2163 2264 2365 2466 2567 2668 2769 2870 2872 2973 3074 3175 3276 3377 3478 3579 3680 3781 3882 3983 4084 4185 4286 4387 4488 4589 4690 4791 4892 4993 5094 5195 5296 5397 5498 5599 5700 5801 5902 6003 6104 6205 6306 6407 6508 6609 6710 6811 6912 7013 7114 7215 7316 7417 7518 7619 7720 7821 7823 7924 8025 8126 8227 8328 8429 8530 8631 8732 8833 8934 9035 9136 9237 9338 9439 9540 9641 9742  42 143 244 345 446 547 648 749 850
 1051 1152 1253 1354 1455 1556 1657 1758 1859 1960 2061 2162 2263 2364 2465 2566 2667 2768 2869 2970 2972 3073 3174 3275 3376 3477 3578 3679 3780 3881 3982 4083 4184 4285 4386 4487 4588 4689 4790 4891 4992 5093 5194 5295 5396 5497 5598 5699 5800 5901 6002 6103 6204 6305 6406 6507 6608 6709 6810 6911 7012 7113 7214 7315 7416 7517 7618 7719 7820 7822 7923 8024 8125 8226 8327 8428 8529 8630 8731 8832 8933 9034 9135 9236 9337 9438 9539 9640 9741  41 142 243 344 445 546 647 748 849 950
 1151 1252 1353 1454 1555 1656 1757 1858 1959 2060 2161 2262 2363 2464 2565 2666 2767 2868 2969 2971 3072 3173 3274 3375 3476 3577 3678 3779 3880 3981 4082 4183 4284 4385 4486 4587 4688 4789 4890 4991 5092 5193 5294 5395 5496 5597 5698 5799 5900 6001 6102 6203 6304 6405 6506 6607 6708 6809 6910 7011 7112 7213 7314 7415 7516 7617 7718 7819 7920 7922 8023 8124 8225 8326 8427 8528 8629 8730 8831 8932 9033 9134 9235 9336 9437 9538 9639 9740  40 141 242 343 444 545 646 747 848 949 1050
 1251 1352 1453 1554 1655 1756 1857 1958 2059 2160 2261 2362 2463 2564 2665 2766 2867 2968 3069 3071 3172 3273 3374 3475 3576 3677 3778 3879 3980 4081 4182 4283 4384 4485 4586 4687 4788 4889 4990 5091 5192 5293 5394 5495 5596 5697 5798 5899 6000 6101 6202 6303 6404 6505 6606 6707 6808 6909 7010 7111 7212 7313 7414 7515 7616 7717 7818 7919 7921 8022 8123 8224 8325 8426 8527 8628 8729 8830 8931 9032 9133 9234 9335 9436 9537 9638 9739  39 140 241 342 443 544 645 746 847 948 1049 1150
 1351 1452 1553 1654 1755 1856 1957 2058 2159 2260 2361 2462 2563 2664 2765 2866 2967 3068 3070 3171 3272 3373 3474 3575 3676 3777 3878 3979 4080 4181 4282 4383 4484 4585 4686 4787 4888 4989 5090 5191 5292 5393 5494 5595 5696 5797 5898 5999 6100 6201 6302 6403 6504 6605 6706 6807 6908 7009 7110 7211 7312 7413 7514 7615 7716 7817 7918 8019 8021 8122 8223 8324 8425 8526 8627 8728 8829 8930 9031 9132 9233 9334 9435 9536 9637 9738  38 139 240 341 442 543 644 745 846 947 1048 1149 1250
 1451 1552 1653 1754 1855 1956 2057 2158 2259 2360 2461 2562 2663 2764 2865 2966 3067 3168 3170 3271 3372 3473 3574 3675 3776 3877 3978 4079 4180 4281 4382 4483 4584 4685 4786 4887 4988 5089 5190 5291 5392 5493 5594 5695 5796 5897 5998 6099 6200 6301 6402 6503 6604 6705 6806 6907 7008 7109 7210 7311 7412 7513 7614 7715 7816 7917 8018 8020 8121 8222 8323 8424 8525 8626 8727 8828 8929 9030 9131 9232 9333 9434 9535 9636 9737  37 138 239 340 441 542 643 744 845 946 1047 1148 1249 1350
 1551 1652 1753 1854 1955 2056 2157 2258 2359 2460 2561 2662 2763 2864 2965 3066 3167 3169 3270 3371 3472 3573 3674 3775 3876 3977 4078 4179 4280 4381 4482 4583 4684 4785 4886 4987 5088 5189 5290 5391 5492 5593 5694 5795 5896 5997 6098 6199 6300 6401 6502 6603 6704 6805 6906 7007 7108 7209 7310 7411 7512 7613 7714 7815 7916 8017 8118 8120 8221 8322 8423 8524 8625 8726 8827 8928 9029 9130 9231 9332 9433 9534 9635 9736  36 137 238 339 440 541 642 743 844 945 1046 1147 1248 1349 1450
 1651 1752 1853 1954 2055 2156 2257 2358 2459 2560 2661 2762 2863 2964 3065 3166 3267 3269 3370 3471 3572 3673 3774 3875 3976 4077 4178 4279 4380 4481 4582 4683 4784 4885 4986 5087 5188 5289 5390 5491 5592 5693 5794 5895 5996 6097 6198 6299 6400 6501 6602 6703 6804 6905 7006 7107 7208 7309 7410 7511 7612 7713 7814 7915 8016 8117 8119 8220 8321 8422 8523 8624 8725 8826 8927 9028 9129 9230 9331 9432 9533 9634 9735  35 136 237 338 439 540 641 742 843 944 1045 1146 1247 1348 1449 1550
 1751 1852 1953 2054 2155 2256 2357 2458 2559 2660 2761 2862 2963 3064 3165 3266 3268 3369 3470 3571 3672 3773 3874 3975 4076 4177 4278 4379 4480 4581 4682 4783 4884 4985 5086 5187 5288 5389 5490 5591 5692 5793 5894 5995 6096 6197 6298 6399 6500 6601 6702 6803 6904 7005 7106 7207 7308 7409 7510 7611 7712 7813 7914 8015 8116 8217 8219 8320 8421 8522 8623 8724 8825 8926 9027 9128 9229 9330 9431 9532 9633 9734  34 135 236 337 438 539 640 741 842 943 1044 1145 1246 1347 1448 1549 1650
 1851 1952 2053 2154 2255 2356 2457 2558 2659 2760 2861 2962 3063 3164 3265 3366 3368 3469 3570 3671 3772 3873 3974 4075 4176 4277 4378 4479 4580 4681 4782 4883 4984 5085 5186 5287 5388 5489 5590 5691 5792 5893 5994 6095 6196 6297 6398 6499 6600 6701 6802 6903 7004 7105 7206 7307 7408 7509 7610 7711 7812 7913 8014 8115 8216 8218 8319 8420 8521 8622 8723 8824 8925 9026 9127 9228 9329 9430 9531 9632 9733  33 134 235 336 437 538 639 740 841 942 1043 1144 1245 1346 1447 1548 1649 1750
 1951 2052 2153 2254 2355 2456 2557 2658 2759 2860 2961 3062 3163 3264 3365 3367 3468 3569 3670 3771 3872 3973 4074 4175 4276 4377 4478 4579 4680 4781 4882 4983 5084 5185 5286 5387 5488 5589 5690 5791 5892 5993 6094 6195 6296 6397 6498 6599 6700 6801 6902 7003 7104 7205 7306 7407 7508 7609 7710 7811 7912 8013 8114 8215 8316 8318 8419 8520 8621 8722 8823 8924 9025 9126 9227 9328 9429 9530 9631 9732  32 133 234 335 436 537 638 739 840 941 1042 1143 1244 1345 1446 1547 1648 1749 1850
 2051 2152 2253 2354 2455 2556 2657 2758 2859 2960 3061 3162 3263 3364 3465 3467 3568 3669 3770 3871 3972 4073 4174 4275 4376 4477 4578 4679 4780 4881 4982 5083 5184 5285 5386 5487 5588 5689 5790 5891 5992 6093 6194 6295 6396 6497 6598 6699 6800 6901 7002 7103 7204 7305 7406 7507 7608 7709 7810 7911 8012 8113 8214 8315 8317 8418 8519 8620 8721 8822 8923 9024 9125 9226 9327 9428 9529 9630 9731  31 132 233 334 435 536 637 738 839 940 1041 1142 1243 1344 1445 1546 1647 1748 1849 1950
 2151 2252 2353 2454 2555 2656 2757 2858 2959 3060 3161 3262 3363 3464 3466 3567 3668 3769 3870 3971 4072 4173 4274 4375 4476 4577 4678 4779 4880 4981 5082 5183 5284 5385 5486 5587 5688 5789 5890 5991 6092 6193 6294 6395 6496 6597 6698 6799 6900 7001 7102 7203 7304 7405 7506 7607 7708 7809 7910 8011 8112 8213 8314 8415 8417 8518 8619 8720 8821 8922 9023 9124 9225 9326 9427 9528 9629 9730  30 131 232 333 434 535 636 737 838 939 1040 1141 1242 1343 1444 1545 1646 1747 1848 1949 2050
 2251 2352 2453 2554 2655 2756 2857 2958 3059 3160 3261 3362 3463 3564 3566 3667 3768 3869 3970 4071 4172 4273 4374 4475 4576 4677 4778 4879 4980 5081 5182 5283 5384 5485 5586 5687 5788 5889 5990 6091 6192 6293 6394 6495 6596 6697 6798 6899 7000 7101 7202 7303 7404 7505 7606 7707 7808 7909 8010 8111 8212 8313 8414 8416 8517 8618 8719 8820 8921 9022 9123 9224 9325 9426 9527 9628 9729  29 130 231 332 433 534 635 736 837 938 1039 1140 1241 1342 1443 1544 1645 1746 1847 1948 2049 2150
 2351 2452 2553 2654 2755 2856 2957 3058 3159 3260 3361 3462 3563 3565 3666 3767 3868 3969 4070 4171 4272 4373 4474 4575 4676 4777 4878 4979 5080 5181 5282 5383 5484 5585 5686 5787 5888 5989 6090 6191 6292 6393 6494 6595 6696 6797 6898 6999 7100 7201 7302 7403 7504 7605 7706 7807 7908 8009 8110 8211 8312 8413 8514 8516 8617 8718 8819 8920 9021 9122 9223 9324 9425 9526 9627 9728  28 129 230 331 432 533 634 735 836 937 1038 1139 1240 1341 1442 1543 1644 1745 1846 1947 2048 2149 2250
 2451 2552 2653 2754 2855 2956 3057 3158 3259 3360 3461 3562 3663 3665 3766 3867 3968 4069 4170 4271 4372 4473 4574 4675 4776 4877 4978 5079 5180 5281 5382 5483 5584 5685 5786 5887 5988 6089 6190 6291 6392 6493 6594 6695 6796 6897 6998 7099 7200 7301 7402 7503 7604 7705 7806 7907 8008 8109 8210 8311 8412 8513 8515 8616 8717 8818 8919 9020 9121 9222 9323 9424 9525 9626 9727  27 128 229 330 431 532 633 734 835 936 1037 1138 1239 1340 1441 1542 1643 1744 1845 1946 2047 2148 2249 2350
 2551 2652 2753 2854 2955 3056 3157 3258 3359 3460 3561 3662 3664 3765 3866 3967 4068 4169 4270 4371 4472 4573 4674 4775 4876 4977 5078 5179 5280 5381 5482 5583 5684 5785 5886 5987 6088 6189 6290 6391 6492 6593 6694 6795 6896 6997 7098 7199 7300 7401 7502 7603 7704 7805 7906 8007 8108 8209 8310 8411 8512 8613 8615 8716 8817 8918 9019 9120 9221 9322 9423 9524 9625 9726  26 127 228 329 430 531 632 733 834 935 1036 1137 1238 1339 1440 1541 1642 1743 1844 1945 2046 2147 2248 2349 2450
 2651 2752 2853 2954 3055 3156 3257 3358 3459 3560 3661 3762 3764 3865 3966 4067 4168 4269 4370 4471 4572 4673 4774 4875 4976 5077 5178 5279 5380 5481 5582 5683 5784 5885 5986 6087 6188 6289 6390 6491 6592 6693 6794 6895 6996 7097 7198 7299 7400 7501 7602 7703 7804 7905 8006 8107 8208 8309 8410 8511 8612 8614 8715 8816 8917 9018 9119 9220 9321 9422 9523 9624 9725  25 126 227 328 429 530 631 732 833 934 1035 1136 1237 1338 1439 1540 1641 1742 1843 1944 2045 2146 2247 2348 2449 2550
 2751 2852 2953 3054 3155 3256 3357 3458 3559 3660 3761 3763 3864 3965 4066 4167 4268 4369 4470 4571 4672 4773 4874 4975 5076 5177 5278 5379 5480 5581 5682 5783 5884 5985 6086 6187 6288 6389 6490 6591 6692 6793 6894 6995 7096 7197 7298 7399 7500 7601 7702 7803 7904 8005 8106 8207 8308 8409 8510 8611 8712 8714 8815 8916 9017 9118 9219 9320 9421 9522 9623 9724  24 125 226 327 428 529 630 731 832 933 1034 1135 1236 1337 1438 1539 1640 1741 1842 1943 2044 2145 2246 2347 2448 2549 2650
 2851 2952 3053 3154 3255 3356 3457 3558 3659 3760 3861 3863 3964 4065 4166 4267 4368 4469 4570 4671 4772 4873 4974 5075 5176 5277 5378 5479 5580 5681 5782 5883 5984 6085 6186 6287 6388 6489 6590 6691 6792 6893 6994 7095 7196 7297 7398 7499 7600 7701 7802 7903 8004 8105 8206 8307 8408 8509 8610 8711 8713 8814 8915 9016 9117 9218 9319 9420 9521 9622 9723  23 124 225 326 427 528 629 730 831 932 1033 1134 1235 1336 1437 1538 1639 1740 1841 1942 2043 2144 2245 2346 2447 2548 2649 2750
 2951 3052 3153 3254 3355 3456 3557 3658 3759 3860 3862 3963 4064 4165 4266 4367 4468 4569 4670 4771 4872 4973 5074 5175 5276 5377 5478 5579 5680 5781 5882 5983 6084 6185 6286 6387 6488 6589 6690 6791 6892 6993 7094 7195 7296 7397 7498 7599 7700 7801 7902 8003 8104 8205 8306 8407 8508 8609 8710 8811 8813 8914 9015 9116 9217 9318 9419 9520 9621 9722  22 123 224 325 426 527 628 729 830 931 1032 1133 1234 1335 1436 1537 1638 1739 1840 1941 2042 2143 2244 2345 2446 2547 2648 2749 2850
 3051 3152 3253 3354 3455 3556 3657 3758 3859 3960 3962 4063 4164 4265 4366 4467 4568 4669 4770 4871 4972 5073 5174 5275 5376 5477 5578 5679 5780 5881 5982 6083 6184 6285 6386 6487 6588 6689 6790 6891 6992 7093 7194 7295 7396 7497 7598 7699 7800 7901 8002 8103 8204 8305 8406 8507 8608 8709 8810 8812 8913 9014 9115 9216 9317 9418 9519 9620 9721  21 122 223 324 425 526 627 728 829 930 1031 1132 1233 1334 1435 1536 1637 1738 1839 1940 2041 2142 2243 2344 2445 2546 2647 2748 2849 2950
 3151 3252 3353 3454 3555 3656 3757 3858 3959 3961 4062 4163 4264 4365 4466 4567 4668 4769 4870 4971 5072 5173 5274 5375 5476 5577 5678 5779 5880 5981 6082 6183 6284 6385 6486 6587 6688 6789 6890 6991 7092 7193 7294 7395 7496 7597 7698 7799 7900 8001 8102 8203 8304 8405 8506 8607 8708 8809 8910 8912 9013 9114 9215 9316 9417 9518 9619 9720  20 121 222 323 424 525 626 727 828 929 1030 1131 1232 1333 1434 1535 1636 1737 1838 1939 2040 2141 2242 2343 2444 2545 2646 2747 2848 2949 3050
 3251 3352 3453 3554 3655 3756 3857 3958 4059 4061 4162 4263 4364 4465 4566 4667 4768 4869 4970 5071 5172 5273 5374 5475 5576 5677 5778 5879 5980 6081 6182 6283 6384 6485 6586 6687 6788 6889 6990 7091 7192 7293 7394 7495 7596 7697 7798 7899 8000 8101 8202 8303 8404 8505 8606 8707 8808 8909 8911 9012 9113 9214 9315 9416 9517 9618 9719  19 120 221 322 423 524 625 726 827 928 1029 1130 1231 1332 1433 1534 1635 1736 1837 1938 2039 2140 2241 2342 2443 2544 2645 2746 2847 2948 3049 3150
 3351 3452 3553 3654 3755 3856 3957 4058 4060 4161 4262 4363 4464 4565 4666 4767 4868 4969 5070 5171 5272 5373 5474 5575 5676 5777 5878 5979 6080 6181 6282 6383 6484 6585 6686 6787 6888 6989 7090 7191 7292 7393 7494 7595 7696 7797 7898 7999 8100 8201 8302 8403 8504 8605 8706 8807 8908 9009 9011 9112 9213 9314 9415 9516 9617 9718  18 119 220 321 422 523 624 725 826 927 1028 1129 1230 1331 1432 1533 1634 1735 1836 1937 2038 2139 2240 2341 2442 2543 2644 2745 2846 2947 3048 3149 3250
 3451 3552 3653 3754 3855 3956 4057 4158 4160 4261 4362 4463 4564 4665 4766 4867 4968 5069 5170 5271 5372 5473 5574 5675 5776 5877 5978 6079 6180 6281 6382 6483 6584 6685 6786 6887 6988 7089 7190 7291 7392 7493 7594 7695 7796 7897 7998 8099 8200 8301 8402 8503 8604 8705 8806 8907 9008 9010 9111 9212 9313 9414 9515 9616 9717  17 118 219 320 421 522 623 724 825 926 1027 1128 1229 1330 1431 1532 1633 1734 1835 1936 2037 2138 2239 2340 2441 2542 2643 2744 2845 2946 3047 3148 3249 3350
 3551 3652 3753 3854 3955 4056 4157 4159 4260 4361 4462 4563 4664 4765 4866 4967 5068 5169 5270 5371 5472 5573 5674 5775 5876 5977 6078 6179 6280 6381 6482 6583 6684 6785 6886 6987 7088 7189 7290 7391 7492 7593 7694 7795 7896 7997 8098 8199 8300 8401 8502 8603 8704 8805 8906 9007 9108 9110 9211 9312 9413 9514 9615 9716  16 117 218 319 420 521 622 723 824 925 1026 1127 1228 1329 1430 1531 1632 1733 1834 1935 2036 2137 2238 2339 2440 2541 2642 2743 2844 2945 3046 3147 3248 3349 3450
 3651 3752 3853 3954 4055 4156 4257 4259 4360 4461 4562 4663 4764 4865 4966 5067 5168 5269 5370 5471 5572 5673 5774 5875 5976 6077 6178 6279 6380 6481 6582 6683 6784 6885 6986 7087 7188 7289 7390 7491 7592 7693 7794 7895 7996 8097 8198 8299 8400 8501 8602 8703 8804 8905 9006 9107 9109 9210 9311 9412 9513 9614 9715  15 116 217 318 419 520 621 722 823 924 1025 1126 1227 1328 1429 1530 1631 1732 1833 1934 2035 2136 2237 2338 2439 2540 2641 2742 2843 2944 3045 3146 3247 3348 3449 3550
 3751 3852 3953 4054 4155 4256 4258 4359 4460 4561 4662 4763 4864 4965 5066 5167 5268 5369 5470 5571 5672 5773 5874 5975 6076 6177 6278 6379 6480 6581 6682 6783 6884 6985 7086 7187 7288 7389 7490 7591 7692 7793 7894 7995 8096 8197 8298 8399 8500 8601 8702 8803 8904 9005 9106 9207 9209 9310 9411 9512 9613 9714  14 115 216 317 418 519 620 721 822 923 1024 1125 1226 1327 1428 1529 1630 1731 1832 1933 2034 2135 2236 2337 2438 2539 2640 2741 2842 2943 3044 3145 3246 3347 3448 3549 3650
 3851 3952 4053 4154 4255 4356 4358 4459 4560 4661 4762 4863 4964 5065 5166 5267 5368 5469 5570 5671 5772 5873 5974 6075 6176 6277 6378 6479 6580 6681 6782 6883 6984 7085 7186 7287 7388 7489 7590 7691 7792 7893 7994 8095 8196 8297 8398 8499 8600 8701 8802 8903 9004 9105 9206 9208 9309 9410 9511 9612 9713  13 114 215 316 417 518 619 720 821 922 1023 1124 1225 1326 1427 1528 1629 1730 1831 1932 2033 2134 2235 2336 2437 2538 2639 2740 2841 2942 3043 3144 3245 3346 3447 3548 3649 3750
 3951 4052 4153 4254 4355 4357 4458 4559 4660 4761 4862 4963 5064 5165 5266 5367 5468 5569 5670 5771 5872 5973 6074 6175 6276 6377 6478 6579 6680 6781 6882 6983 7084 7185 7286 7387 7488 7589 7690 7791 7892 7993 8094 8195 8296 8397 8498 8599 8700 8801 8902 9003 9104 9205 9306 9308 9409 9510 9611 9712  12 113 214 315 416 517 618 719 820 921 1022 1123 1224 1325 1426 1527 1628 1729 1830 1931 2032 2133 2234 2335 2436 2537 2638 2739 2840 2941 3042 3143 3244 3345 3446 3547 3648 3749 3850
 4051 4152 4253 4354 4455 4457 4558 4659 4760 4861 4962 5063 5164 5265 5366 5467 5568 5669 5770 5871 5972 6073 6174 6275 6376 6477 6578 6679 6780 6881 6982 7083 7184 7285 7386 7487 7588 7689 7790 7891 7992 8093 8194 8295 8396 8497 8598 8699 8800 8901 9002 9103 9204 9305 9307 9408 9509 9610 9711  11 112 213 314 415 516 617 718 819 920 1021 1122 1223 1324 1425 1526 1627 1728 1829 1930 2031 2132 2233 2334 2435 2536 2637 2738 2839 2940 3041 3142 3243 3344 3445 3546 3647 3748 3849 3950
 4151 4252 4353 4454 4456 4557 4658 4759 4860 4961 5062 5163 5264 5365 5466 5567 5668 5769 5870 5971 6072 6173 6274 6375 6476 6577 6678 6779 6880 6981 7082 7183 7284 7385 7486 7587 7688 7789 7890 7991 8092 8193 8294 8395 8496 8597 8698 8799 8900 9001 9102 9203 9304 9405 9407 9508 9609 9710  10 111 212 313 414 515 616 717 818 919 1020 1121 1222 1323 1424 1525 1626 1727 1828 1929 2030 2131 2232 2333 2434 2535 2636 2737 2838 2939 3040 3141 3242 3343 3444 3545 3646 3747 3848 3949 4050
 4251 4352 4453 4554 4556 4657 4758 4859 4960 5061 5162 5263 5364 5465 5566 5667 5768 5869 5970 6071 6172 6273 6374 6475 6576 6677 6778 6879 6980 7081 7182 7283 7384 7485 7586 7687 7788 7889 7990 8091 8192 8293 8394 8495 8596 8697 8798 8899 9000 9101 9202 9303 9404 9406 9507 9608 9709   9 110 211 312 413 514 615 716 817 918 1019 1120 1221 1322 1423 1524 1625 1726 1827 1928 2029 2130 2231 2332 2433 2534 2635 2736 2837 2938 3039 3140 3241 3342 3443 3544 3645 3746 3847 3948 4049 4150
 4351 4452 4553 4555 4656 4757 4858 4959 5060 5161 5262 5363 5464 5565 5666 5767 5868 5969 6070 6171 6272 6373 6474 6575 6676 6777 6878 6979 7080 7181 7282 7383 7484 7585 7686 7787 7888 7989 8090 8191 8292 8393 8494 8595 8696 8797 8898 8999 9100 9201 9302 9403 9504 9506 9607 9708   8 109 210 311 412 513 614 715 816 917 1018 1119 1220 1321 1422 1523 1624 1725 1826 1927 2028 2129 2230 2331 2432 2533 2634 2735 2836 2937 3038 3139 3240 3341 3442 3543 3644 3745 3846 3947 4048 4149 4250
 4451 4552 4653 4655 4756 4857 4958 5059 5160 5261 5362 5463 5564 5665 5766 5867 5968 6069 6170 6271 6372 6473 6574 6675 6776 6877 6978 7079 7180 7281 7382 7483 7584 7685 7786 7887 7988 8089 8190 8291 8392 8493 8594 8695 8796 8897 8998 9099 9200 9301 9402 9503 9505 9606 9707   7 108 209 310 411 512 613 714 815 916 1017 1118 1219 1320 1421 1522 1623 1724 1825 1926 2027 2128 2229 2330 2431 2532 2633 2734 2835 2936 3037 3138 3239 3340 3441 3542 3643 3744 3845 3946 4047 4148 4249 4350
 4551 4652 4654 4755 4856 4957 5058 5159 5260 5361 5462 5563 5664 5765 5866 5967 6068 6169 6270 6371 6472 6573 6674 6775 6876 6977 7078 7179 7280 7381 7482 7583 7684 7785 7886 7987 8088 8189 8290 8391 8492 8593 8694 8795 8896 8997 9098 9199 9300 9401 9502 9603 9605 9706   6 107 208 309 410 511 612 713 814 915 1016 1117 1218 1319 1420 1521 1622 1723 1824 1925 2026 2127 2228 2329 2430 2531 2632 2733 2834 2935 3036 3137 3238 3339 3440 3541 3642 3743 3844 3945 4046 4147 4248 4349 4450
 4651 4752 4754 4855 4956 5057 5158 5259 5360 5461 5562 5663 5764 5865 5966 6067 6168 6269 6370 6471 6572 6673 6774 6875 6976 7077 7178 7279 7380 7481 7582 7683 7784 7885 7986 8087 8188 8289 8390 8491 8592 8693 8794 8895 8996 9097 9198 9299 9400 9501 9602 9604 9705   5 106 207 308 409 510 611 712 813 914 1015 1116 1217 1318 1419 1520 1621 1722 1823 1924 2025 2126 2227 2328 2429 2530 2631 2732 2833 2934 3035 3136 3237 3338 3439 3540 3641 3742 3843 3944 4045 4146 4247 4348 4449 4550
 4751 4753 4854 4955 5056 5157 5258 5359 5460 5561 5662 5763 5864 5965 6066 6167 6268 6369 6470 6571 6672 6773 6874 6975 7076 7177 7278 7379 7480 7581 7682 7783 7884 7985 8086 8187 8288 8389 8490 8591 8692 8793 8894 8995 9096 9197 9298 9399 9500 9601 9702 9704   4 105 206 307 408 509 610 711 812 913 1014 1115 1216 1317 1418 1519 1620 1721 1822 1923 2024 2125 2226 2327 2428 2529 2630 2731 2832 2933 3034 3135 3236 3337 3438 3539 3640 3741 3842 3943 4044 4145 4246 4347 4448 4549 4650
 4851 4853 4954 5055 5156 5257 5358 5459 5560 5661 5762 5863 5964 6065 6166 6267 6368 6469 6570 6671 6772 6873 6974 7075 7176 7277 7378 7479 7580 7681 7782 7883 7984 8085 8186 8287 8388 8489 8590 8691 8792 8893 8994 9095 9196 9297 9398 9499 9600 9701 9703   3 104 205 306 407 508 609 710 811 912 1013 1114 1215 1316 1417 1518 1619 1720 1821 1922 2023 2124 2225 2326 2427 2528 2629 2730 2831 2932 3033 3134 3235 3336 3437 3538 3639 3740 3841 3942 4043 4144 4245 4346 4447 4548 4649 4750
 4852 4953 5054 5155 5256 5357 5458 5559 5660 5761 5862 5963 6064 6165 6266 6367 6468 6569 6670 6771 6872 6973 7074 7175 7276 7377 7478 7579 7680 7781 7882 7983 8084 8185 8286 8387 8488 8589 8690 8791 8892 8993 9094 9195 9296 9397 9498 9599 9700 9801   2 103 204 305 406 507 608 709 810 911 1012 1113 1214 1315 1416 1517 1618 1719 1820 1921 2022 2123 2224 2325 2426 2527 2628 2729 2830 2931 3032 3133 3234 3335 3436 3537 3638 3739 3840 3941 4042 4143 4244 4345 4446 4547 4648 4749 4850
100
 10000 9900 9800 9700 9600 9500 9400 9300 9200 9100 9000 8900 8800 8700 8600 8500 8400 8300 8200 8100 8000 7900 7800 7700 7600 2501 2601 2701 2801 2901 3001 3101 3201 3301 3401 3501 3601 3701 3801 3901 4001 4101 4201 4301 4401 4501 4601 4701 4801 4901 5001 5101 5201 5301 5401 5501 5601 5701 5801 5901 6001 6101 6201 6301 6401 6501 6601 6701 6801 6901 7001 7101 7201 7301 7401 2500 2400 2300 2200 2100 2000 1900 1800 1700 1600 1500 1400 1300 1200 1100 1000 900 800 700 600 500 400 300 200 100
 9999 9899 9799 9699 9599 9499 9399 9299 9199 9099 8999 8899 8799 8699 8599 8499 8399 8299 8199 8099 7999 7899 7799 7699 7599 2502 2602 2702 2802 2902 3002 3102 3202 3302 3402 3502 3602 3702 3802 3902 4002 4102 4202 4302 4402 4502 4602 4702 4802 4902 5002 5102 5202 5302 5402 5502 5602 5702 5802 5902 6002 6102 6202 6302 6402 6502 6602 6702 6802 6902 7002 7102 7202 7302 7402 2499 2399 2299 2199 2099 1999 1899 1799 1699 1599 1499 1399 1299 1199 1099 999 899 799 699 599 499 399 299 199  99
 9998 9898 9798 9698 9598 9498 9398 9298 9198 9098 8998 8898 8798 8698 8598 8498 8398 8298 8198 8098 7998 7898 7798 7698 7598 2503 2603 2703 2803 2903 3003 3103 3203 3303 3403 3503 3603 3703 3803 3903 4003 4103 4203 4303 4403 4503 4603 4703 4803 4903 5003 5103 5203 5303 5403 5503 5603 5703 5803 5903 6003 6103 6203 6303 6403 6503 6603 6703 6803 6903 7003 7103 7203 7303 7403 2498 2398 2298 2198 2098 1998 1898 1798 1698 1598 1498 1398 1298 1198 1098 998 898 798 698 598 498 398 298 198  98
 9997 9897 9797 9697 9597 9497 9397 9297 9197 9097 8997 8897 8797 8697 8597 8497 8397 8297 8197 8097 7997 7897 7797 7697 7597 2504 2604 2704 2804 2904 3004 3104 3204 3304 3404 3504 3604 3704 3804 3904 4004 4104 4204 4304 4404 4504 4604 4704 4804 4904 5004 5104 5204 5304 5404 5504 5604 5704 5804 5904 6004 6104 6204 6304 6404 6504 6604 6704 6804 6904 7004 7104 7204 7304 7404 2497 2397 2297 2197 2097 1997 1897 1797 1697 1597 1497 1397 1297 1197 1097 997 897 797 697 597 497 397 297 197  97
 9996 9896 9796 9696 9596 9496 9396 9296 9196 9096 8996 8896 8796 8696 8596 8496 8396 8296 8196 8096 7996 7896 7796 7696 7596 2505 2605 2705 2805 2905 3005 3105 3205 3305 3405 3505 3605 3705 3805 3905 4005 4105 4205 4305 4405 4505 4605 4705 4805 4905 5005 5105 5205 5305 5405 5505 5605 5705 5805 5905 6005 6105 6205 6305 6405 6505 6605 6705 6805 6905 7005 7105 7205 7305 7405 2496 2396 2296 2196 2096 1996 1896 1796 1696 1596 1496 1396 1296 1196 1096 996 896 796 696 596 496 396 296 196  96
 9995 9895 9795 9695 9595 9495 9395 9295 9195 9095 8995 8895 8795 8695 8595 8495 8395 8295 8195 8095 7995 7895 7795 7695 7595 2506 2606 2706 2806 2906 3006 3106 3206 3306 3406 3506 3606 3706 3806 3906 4006 4106 4206 4306 4406 4506 4606 4706 4806 4906 5006 5106 5206 5306 5406 5506 5606 5706 5806 5906 6006 6106 6206 6306 6406 6506 6606 6706 6806 6906 7006 7106 7206 7306 7406 2495 2395 2295 2195 2095 1995 1895 1795 1695 1595 1495 1395 1295 1195 1095 995 895 795 695 595 495 395 295 195  95
 9994 9894 9794 9694 9594 9494 9394 9294 9194 9094 8994 8894 8794 8694 8594 8494 8394 8294 8194 8094 7994 7894 7794 7694 7594 2507 2607 2707 2807 2907 3007 3107 3207 3307 3407 3507 3607 3707 3807 3907 4007 4107 4207 4307 4407 4507 4607 4707 4807 4907 5007 5107 5207 5307 5407 5507 5607 5707 5807 5907 6007 6107 6207 6307 6407 6507 6607 6707 6807 6907 7007 7107 7207 7307 7407 2494 2394 2294 2194 2094 1994 1894 1794 1694 1594 1494 1394 1294 1194 1094 994 894 794 694 594 494 394 294 194  94
 9993 9893 9793 9693 9593 9493 9393 9293 9193 9093 8993 8893 8793 8693 8593 8493 8393 8293 8193 8093 7993 7893 7793 7693 7593 2508 2608 2708 2808 2908 3008 3108 3208 3308 3408 3508 3608 3708 3808 3908 4008 4108 4208 4308 4408 4508 4608 4708 4808 4908 5008 5108 5208 5308 5408 5508 5608 5708 5808 5908 6008 6108 6208 6308 6408 6508 6608 6708 6808 6908 7008 7108 7208 7308 7408 2493 2393 2293 2193 2093 1993 1893 1793 1693 1593 1493 1393 1293 1193 1093 993 893 793 693 593 493 393 293 193  93
 9992 9892 9792 9692 9592 9492 9392 9292 9192 9092 8992 8892 8792 8692 8592 8492 8392 8292 8192 8092 7992 7892 7792 7692 7592 2509 2609 2709 2809 2909 3009 3109 3209 3309 3409 3509 3609 3709 3809 3909 4009 4109 4209 4309 4409 4509 4609 4709 4809 4909 5009 5109 5209 5309 5409 5509 5609 5709 5809 5909 6009 6109 6209 6309 6409 6509 6609 6709 6809 6909 7009 7109 7209 7309 7409 2492 2392 2292 2192 2092 1992 1892 1792 1692 1592 1492 1392 1292 1192 1092 992 892 792 692 592 492 392 292 192  92
 9991 9891 9791 9691 9591 9491 9391 9291 9191 9091 8991 8891 8791 8691 8591 8491 8391 8291 8191 8091 7991 7891 7791 7691 7591 2510 2610 2710 2810 2910 3010 3110 3210 3310 3410 3510 3610 3710 3810 3910 4010 4110 4210 4310 4410 4510 4610 4710 4810 4910 5010 5110 5210 5310 5410 5510 5610 5710 5810 5910 6010 6110 6210 6310 6410 6510 6610 6710 6810 6910 7010 7110 7210 7310 7410 2491 2391 2291 2191 2091 1991 1891 1791 1691 1591 1491 1391 1291 1191 1091 991 891 791 691 591 491 391 291 191  91
 9990 9890 9790 9690 9590 9490 9390 9290 9190 9090 8990 8890 8790 8690 8590 8490 8390 8290 8190 8090 7990 7890 7790 7690 7590 2511 2611 2711 2811 2911 3011 3111 3211 3311 3411 3511 3611 3711 3811 3911 4011 4111 4211 4311 4411 4511 4611 4711 4811 4911 5011 5111 5211 5311 5411 5511 5611 5711 5811 5911 6011 6111 6211 6311 6411 6511 6611 6711 6811 6911 7011 7111 7211 7311 7411 2490 2390 2290 2190 2090 1990 1890 1790 1690 1590 1490 1390 1290 1190 1090 990 890 790 690 590 490 390 290 190  90
 9989 9889 9789 9689 9589 9489 9389 9289 9189 9089 8989 8889 8789 8689 8589 8489 8389 8289 8189 8089 7989 7889 7789 7689 7589 2512 2612 2712 2812 2912 3012 3112 3212 3312 3412 3512 3612 3712 3812 3912 4012 4112 4212 4312 4412 4512 4612 4712 4812 4912 5012 5112 5212 5312 5412 5512 5612 5712 5812 5912 6012 6112 6212 6312 6412 6512 6612 6712 6812 6912 7012 7112 7212 7312 7412 2489 2389 2289 2189 2089 1989 1889 1789 1689 1589 1489 1389 1289 1189 1089 989 889 789 689 589 489 389 289 189  89
 9988 9888 9788 9688 9588 9488 9388 9288 9188 9088 8988 8888 8788 8688 8588 8488 8388 8288 8188 8088 7988 7888 7788 7688 7588 2513 2613 2713 2813 2913 3013 3113 3213 3313 3413 3513 3613 3713 3813 3913 4013 4113 4213 4313 4413 4513 4613 4713 4813 4913 5013 5113 5213 5313 5413 5513 5613 5713 5813 5913 6013 6113 6213 6313 6413 6513 6613 6713 6813 6913 7013 7113 7213 7313 7413 2488 2388 2288 2188 2088 1988 1888 1788 1688 1588 1488 1388 1288 1188 1088 988 888 788 688 588 488 388 288 188  88
 9987 9887 9787 9687 9587 9487 9387 9287 9187 9087 8987 8887 8787 8687 8587 8487 8387 8287 8187 8087 7987 7887 7787 7687 7587 2514 2614 2714 2814 2914 3014 3114 3214 3314 3414 3514 3614 3714 3814 3914 4014 4114 4214 4314 4414 4514 4614 4714 4814 4914 5014 5114 5214 5314 5414 5514 5614 5714 5814 5914 6014 6114 6214 6314 6414 6514 6614 6714 6814 6914 7014 7114 7214 7314 7414 2487 2387 2287 2187 2087 1987 1887 1787 1687 1587 1487 1387 1287 1187 1087 987 887 787 687 587 487 387 287 187  87
 9986 9886 9786 9686 9586 9486 9386 9286 9186 9086 8986 8886 8786 8686 8586 8486 8386 8286 8186 8086 7986 7886 7786 7686 7586 2515 2615 2715 2815 2915 3015 3115 3215 3315 3415 3515 3615 3715 3815 3915 4015 4115 4215 4315 4415 4515 4615 4715 4815 4915 5015 5115 5215 5315 5415 5515 5615 5715 5815 5915 6015 6115 6215 6315 6415 6515 6615 6715 6815 6915 7015 7115 7215 7315 7415 2486 2386 2286 2186 2086 1986 1886 1786 1686 1586 1486 1386 1286 1186 1086 986 886 786 686 586 486 386 286 186  86
 9985 9885 9785 9685 9585 9485 9385 9285 9185 9085 8985 8885 8785 8685 8585 8485 8385 8285 8185 8085 7985 7885 7785 7685 7585 2516 2616 2716 2816 2916 3016 3116 3216 3316 3416 3516 3616 3716 3816 3916 4016 4116 4216 4316 4416 4516 4616 4716 4816 4916 5016 5116 5216 5316 5416 5516 5616 5716 5816 5916 6016 6116 6216 6316 6416 6516 6616 6716 6816 6916 7016 7116 7216 7316 7416 2485 2385 2285 2185 2085 1985 1885 1785 1685 1585 1485 1385 1285 1185 1085 985 885 785 685 585 485 385 285 185  85
 9984 9884 9784 9684 9584 9484 9384 9284 9184 9084 8984 8884 8784 8684 8584 8484 8384 8284 8184 8084 7984 7884 7784 7684 7584 2517 2617 2717 2817 2917 3017 3117 3217 3317 3417 3517 3617 3717 3817 3917 4017 4117 4217 4317 4417 4517 4617 4717 4817 4917 5017 5117 5217 5317 5417 5517 5617 5717 5817 5917 6017 6117 6217 6317 6417 6517 6617 6717 6817 6917 7017 7117 7217 7317 7417 2484 2384 2284 2184 2084 1984 1884 1784 1684 1584 1484 1384 1284 1184 1084 984 884 784 684 584 484 384 284 184  84
 9983 9883 9783 9683 9583 9483 9383 9283 9183 9083 8983 8883 8783 8683 8583 8483 8383 8283 8183 8083 7983 7883 7783 7683 7583 2518 2618 2718 2818 2918 3018 3118 3218 3318 3418 3518 3618 3718 3818 3918 4018 4118 4218 4318 4418 4518 4618 4718 4818 4918 5018 5118 5218 5318 5418 5518 5618 5718 5818 5918 6018 6118 6218 6318 6418 6518 6618 6718 6818 6918 7018 7118 7218 7318 7418 2483 2383 2283 2183 2083 1983 1883 1783 1683 1583 1483 1383 1283 1183 1083 983 883 783 683 583 483 383 283 183  83
 9982 9882 9782 9682 9582 9482 9382 9282 9182 9082 8982 8882 8782 8682 8582 8482 8382 8282 8182 8082 7982 7882 7782 7682 7582 2519 2619 2719 2819 2919 3019 3119 3219 3319 3419 3519 3619 3719 3819 3919 4019 4119 4219 4319 4419 4519 4619 4719 4819 4919 5019 5119 5219 5319 5419 5519 5619 5719 5819 5919 6019 6119 6219 6319 6419 6519 6619 6719 6819 6919 7019 7119 7219 7319 7419 2482 2382 2282 2182 2082 1982 1882 1782 1682 1582 1482 1382 1282 1182 1082 982 882 782 682 582 482 382 282 182  82
 9981 9881 9781 9681 9581 9481 9381 9281 9181 9081 8981 8881 8781 8681 8581 8481 8381 8281 8181 8081 7981 7881 7781 7681 7581 2520 2620 2720 2820 2920 3020 3120 3220 3320 3420 3520 3620 3720 3820 3920 4020 4120 4220 4320 4420 4520 4620 4720 4820 4920 5020 5120 5220 5320 5420 5520 5620 5720 5820 5920 6020 6120 6220 6320 6420 6520 6620 6720 6820 6920 7020 7120 7220 7320 7420 2481 2381 2281 2181 2081 1981 1881 1781 1681 1581 1481 1381 1281 1181 1081 981 881 781 681 581 481 381 281 181  81
 9980 9880 9780 9680 9580 9480 9380 9280 9180 9080 8980 8880 8780 8680 8580 8480 8380 8280 8180 8080 7980 7880 7780 7680 7580 2521 2621 2721 2821 2921 3021 3121 3221 3321 3421 3521 3621 3721 3821 3921 4021 4121 4221 4321 4421 4521 4621 4721 4821 4921 5021 5121 5221 5321 5421 5521 5621 5721 5821 5921 6021 6121 6221 6321 6421 6521 6621 6721 6821 6921 7021 7121 7221 7321 7421 2480 2380 2280 2180 2080 1980 1880 1780 1680 1580 1480 1380 1280 1180 1080 980 880 780 680 580 480 380 280 180  80
 9979 9879 9779 9679 9579 9479 9379 9279 9179 9079 8979 8879 8779 8679 8579 8479 8379 8279 8179 8079 7979 7879 7779 7679 7579 2522 2622 2722 2822 2922 3022 3122 3222 3322 3422 3522 3622 3722 3822 3922 4022 4122 4222 4322 4422 4522 4622 4722 4822 4922 5022 5122 5222 5322 5422 5522 5622 5722 5822 5922 6022 6122 6222 6322 6422 6522 6622 6722 6822 6922 7022 7122 7222 7322 7422 2479 2379 2279 2179 2079 1979 1879 1779 1679 1579 1479 1379 1279 1179 1079 979 879 779 679 579 479 379 279 179  79
 9978 9878 9778 9678 9578 9478 9378 9278 9178 9078 8978 8878 8778 8678 8578 8478 8378 8278 8178 8078 7978 7878 7778 7678 7578 2523 2623 2723 2823 2923 3023 3123 3223 3323 3423 3523 3623 3723 3823 3923 4023 4123 4223 4323 4423 4523 4623 4723 4823 4923 5023 5123 5223 5323 5423 5523 5623 5723 5823 5923 6023 6123 6223 6323 6423 6523 6623 6723 6823 6923 7023 7123 7223 7323 7423 2478 2378 2278 2178 2078 1978 1878 1778 1678 1578 1478 1378 1278 1178 1078 978 878 778 678 578 478 378 278 178  78
 9977 9877 9777 9677 9577 9477 9377 9277 9177 9077 8977 8877 8777 8677 8577 8477 8377 8277 8177 8077 7977 7877 7777 7677 7577 2524 2624 2724 2824 2924 3024 3124 3224 3324 3424 3524 3624 3724 3824 3924 4024 4124 4224 4324 4424 4524 4624 4724 4824 4924 5024 5124 5224 5324 5424 5524 5624 5724 5824 5924 6024 6124 6224 6324 6424 6524 6624 6724 6824 6924 7024 7124 7224 7324 7424 2477 2377 2277 2177 2077 1977 1877 1777 1677 1577 1477 1377 1277 1177 1077 977 877 777 677 577 477 377 277 177  77
 9976 9876 9776 9676 9576 9476 9376 9276 9176 9076 8976 8876 8776 8676 8576 8476 8376 8276 8176 8076 7976 7876 7776 7676 7576 2525 2625 2725 2825 2925 3025 3125 3225 3325 3425 3525 3625 3725 3825 3925 4025 4125 4225 4325 4425 4525 4625 4725 4825 4925 5025 5125 5225 5325 5425 5525 5625 5725 5825 5925 6025 6125 6225 6325 6425 6525 6625 6725 6825 6925 7025 7125 7225 7325 7425 2476 2376 2276 2176 2076 1976 1876 1776 1676 1576 1476 1376 1276 1176 1076 976 876 776 676 576 476 376 276 176  76
  26 126 226 326 426 526 626 726 826 926 1026 1126 1226 1326 1426 1526 1626 1726 1826 1926 2026 2126 2226 2326 2426 7475 7375 7275 7175 7075 6975 6875 6775 6675 6575 6475 6375 6275 6175 6075 5975 5875 5775 5675 5575 5475 5375 5275 5175 5075 4975 4875 4775 4675 4575 4475 4375 4275 4175 4075 3975 3875 3775 3675 3575 3475 3375 3275 3175 3075 2975 2875 2775 2675 2575 7526 7626 7726 7826 7926 8026 8126 8226 8326 8426 8526 8626 8726 8826 8926 9026 9126 9226 9326 9426 9526 9626 9726 9826 9926
  27 127 227 327 427 527 627 727 827 927 1027 1127 1227 1327 1427 1527 1627 1727 1827 1927 2027 2127 2227 2327 2427 7474 7374 7274 7174 7074 6974 6874 6774 6674 6574 6474 6374 6274 6174 6074 5974 5874 5774 5674 5574 5474 5374 5274 5174 5074 4974 4874 4774 4674 4574 4474 4374 4274 4174 4074 3974 3874 3774 3674 3574 3474 3374 3274 3174 3074 2974 2874 2774 2674 2574 7527 7627 7727 7827 7927 8027 8127 8227 8327 8427 8527 8627 8727 8827 8927 9027 9127 9227 9327 9427 9527 9627 9727 9827 9927
  28 128 228 328 428 528 628 728 828 928 1028 1128 1228 1328 1428 1528 1628 1728 1828 1928 2028 2128 2228 2328 2428 7473 7373 7273 7173 7073 6973 6873 6773 6673 6573 6473 6373 6273 6173 6073 5973 5873 5773 5673 5573 5473 5373 5273 5173 5073 4973 4873 4773 4673 4573 4473 4373 4273 4173 4073 3973 3873 3773 3673 3573 3473 3373 3273 3173 3073 2973 2873 2773 2673 2573 7528 7628 7728 7828 7928 8028 8128 8228 8328 8428 8528 8628 8728 8828 8928 9028 9128 9228 9328 9428 9528 9628 9728 9828 9928
  29 129 229 329 429 529 629 729 829 929 1029 1129 1229 1329 1429 1529 1629 1729 1829 1929 2029 2129 2229 2329 2429 7472 7372 7272 7172 7072 6972 6872 6772 6672 6572 6472 6372 6272 6172 6072 5972 5872 5772 5672 5572 5472 5372 5272 5172 5072 4972 4872 4772 4672 4572 4472 4372 4272 4172 4072 3972 3872 3772 3672 3572 3472 3372 3272 3172 3072 2972 2872 2772 2672 2572 7529 7629 7729 7829 7929 8029 8129 8229 8329 8429 8529 8629 8729 8829 8929 9029 9129 9229 9329 9429 9529 9629 9729 9829 9929
  30 130 230 330 430 530 630 730 830 930 1030 1130 1230 1330 1430 1530 1630 1730 1830 1930 2030 2130 2230 2330 2430 7471 7371 7271 7171 7071 6971 6871 6771 6671 6571 6471 6371 6271 6171 6071 5971 5871 5771 5671 5571 5471 5371 5271 5171 5071 4971 4871 4771 4671 4571 4471 4371 4271 4171 4071 3971 3871 3771 3671 3571 3471 3371 3271 3171 3071 2971 2871 2771 2671 2571 7530 7630 7730 7830 7930 8030 8130 8230 8330 8430 8530 8630 8730 8830 8930 9030 9130 9230 9330 9430 9530 9630 9730 9830 9930
  31 131 231 331 431 531 631 731 831 931 1031 1131 1231 1331 1431 1531 1631 1731 1831 1931 2031 2131 2231 2331 2431 7470 7370 7270 7170 7070 6970 6870 6770 6670 6570 6470 6370 6270 6170 6070 5970 5870 5770 5670 5570 5470 5370 5270 5170 5070 4970 4870 4770 4670 4570 4470 4370 4270 4170 4070 3970 3870 3770 3670 3570 3470 3370 3270 3170 3070 2970 2870 2770 2670 2570 7531 7631 7731 7831 7931 8031 8131 8231 8331 8431 8531 8631 8731 8831 8931 9031 9131 9231 9331 9431 9531 9631 9731 9831 9931
  32 132 232 332 432 532 632 732 832 932 1032 1132 1232 1332 1432 1532 1632 1732 1832 1932 2032 2132 2232 2332 2432 7469 7369 7269 7169 7069 6969 6869 6769 6669 6569 6469 6369 6269 6169 6069 5969 5869 5769 5669 5569 5469 5369 5269 5169 5069 4969 4869 4769 4669 4569 4469 4369 4269 4169 4069 3969 3869 3769 3669 3569 3469 3369 3269 3169 3069 2969 2869 2769 2669 2569 7532 7632 7732 7832 7932 8032 8132 8232 8332 8432 8532 8632 8732 8832 8932 9032 9132 9232 9332 9432 9532 9632 9732 9832 9932
  33 133 233 333 433 533 633 733 833 933 1033 1133 1233 1333 1433 1533 1633 1733 1833 1933 2033 2133 2233 2333 2433 7468 7368 7268 7168 7068 6968 6868 6768 6668 6568 6468 6368 6268 6168 6068 5968 5868 5768 5668 5568 5468 5368 5268 5168 5068 4968 4868 4768 4668 4568 4468 4368 4268 4168 4068 3968 3868 3768 3668 3568 3468 3368 3268 3168 3068 2968 2868 2768 2668 2568 7533 7633 7733 7833 7933 8033 8133 8233 8333 8433 8533 8633 8733 8833 8933 9033 9133 9233 9333 9433 9533 9633 9733 9833 9933
  34 134 234 334 434 534 634 734 834 934 1034 1134 1234 1334 1434 1534 1634 1734 1834 1934 2034 2134 2234 2334 2434 7467 7367 7267 7167 7067 6967 6867 6767 6667 6567 6467 6367 6267 6167 6067 5967 5867 5767 5667 5567 5467 5367 5267 5167 5067 4967 4867 4767 4667 4567 4467 4367 4267 4167 4067 3967 3867 3767 3667 3567 3467 3367 3267 3167 3067 2967 2867 2767 2667 2567 7534 7634 7734 7834 7934 8034 8134 8234 8334 8434 8534 8634 8734 8834 8934 9034 9134 9234 9334 9434 9534 9634 9734 9834 9934
  35 135 235 335 435 535 635 735 835 935 1035 1135 1235 1335 1435 1535 1635 1735 1835 1935 2035 2135 2235 2335 2435 7466 7366 7266 7166 7066 6966 6866 6766 6666 6566 6466 6366 6266 6166 6066 5966 5866 5766 5666 5566 5466 5366 5266 5166 5066 4966 4866 4766 4666 4566 4466 4366 4266 4166 4066 3966 3866 3766 3666 3566 3466 3366 3266 3166 3066 2966 2866 2766 2666 2566 7535 7635 7735 7835 7935 8035 8135 8235 8335 8435 8535 8635 8735 8835 8935 9035 9135 9235 9335 9435 9535 9635 9735 9835 9935
  36 136 236 336 436 536 636 736 836 936 1036 1136 1236 1336 1436 1536 1636 1736 1836 1936 2036 2136 2236 2336 2436 7465 7365 7265 7165 7065 6965 6865 6765 6665 6565 6465 6365 6265 6165 6065 5965 5865 5765 5665 5565 5465 5365 5265 5165 5065 4965 4865 4765 4665 4565 4465 4365 4265 4165 4065 3965 3865 3765 3665 3565 3465 3365 3265 3165 3065 2965 2865 2765 2665 2565 7536 7636 7736 7836 7936 8036 8136 8236 8336 8436 8536 8636 8736 8836 8936 9036 9136 9236 9336 9436 9536 9636 9736 9836 9936
  37 137 237 337 437 537 637 737 837 937 1037 1137 1237 1337 1437 1537 1637 1737 1837 1937 2037 2137 2237 2337 2437 7464 7364 7264 7164 7064 6964 6864 6764 6664 6564 6464 6364 6264 6164 6064 5964 5864 5764 5664 5564 5464 5364 5264 5164 5064 4964 4864 4764 4664 4564 4464 4364 4264 4164 4064 3964 3864 3764 3664 3564 3464 3364 3264 3164 3064 2964 2864 2764 2664 2564 7537 7637 7737 7837 7937 8037 8137 8237 8337 8437 8537 8637 8737 8837 8937 9037 9137 9237 9337 9437 9537 9637 9737 9837 9937
  38 138 238 338 438 538 638 738 838 938 1038 1138 1238 1338 1438 1538 1638 1738 1838 1938 2038 2138 2238 2338 2438 7463 7363 7263 7163 7063 6963 6863 6763 6663 6563 6463 6363 6263 6163 6063 5963 5863 5763 5663 5563 5463 5363 5263 5163 5063 4963 4863 4763 4663 4563 4463 4363 4263 4163 4063 3963 3863 3763 3663 3563 3463 3363 3263 3163 3063 2963 2863 2763 2663 2563 7538 7638 7738 7838 7938 8038 8138 8238 8338 8438 8538 8638 8738 8838 8938 9038 9138 9238 9338 9438 9538 9638 9738 9838 9938
  39 139 239 339 439 539 639 739 839 939 1039 1139 1239 1339 1439 1539 1639 1739 1839 1939 2039 2139 2239 2339 2439 7462 7362 7262 7162 7062 6962 6862 6762 6662 6562 6462 6362 6262 6162 6062 5962 5862 5762 5662 5562 5462 5362 5262 5162 5062 4962 4862 4762 4662 4562 4462 4362 4262 4162 4062 3962 3862 3762 3662 3562 3462 3362 3262 3162 3062 2962 2862 2762 2662 2562 7539 7639 7739 7839 7939 8039 8139 8239 8339 8439 8539 8639 8739 8839 8939 9039 9139 9239 9339 9439 9539 9639 9739 9839 9939
  40 140 240 340 440 540 640 740 840 940 1040 1140 1240 1340 1440 1540 1640 1740 1840 1940 2040 2140 2240 2340 2440 7461 7361 7261 7161 7061 6961 6861 6761 6661 6561 6461 6361 6261 6161 6061 5961 5861 5761 5661 5561 5461 5361 5261 5161 5061 4961 4861 4761 4661 4561 4461 4361 4261 4161 4061 3961 3861 3761 3661 3561 3461 3361 3261 3161 3061 2961 2861 2761 2661 2561 7540 7640 7740 7840 7940 8040 8140 8240 8340 8440 8540 8640 8740 8840 8940 9040 9140 9240 9340 9440 9540 9640 9740 9840 9940
  41 141 241 341 441 541 641 741 841 941 1041 1141 1241 1341 1441 1541 1641 1741 1841 1941 2041 2141 2241 2341 2441 7460 7360 7260 7160 7060 6960 6860 6760 6660 6560 6460 6360 6260 6160 6060 5960 5860 5760 5660 5560 5460 5360 5260 5160 5060 4960 4860 4760 4660 4560 4460 4360 4260 4160 4060 3960 3860 3760 3660 3560 3460 3360 3260 3160 3060 2960 2860 2760 2660 2560 7541 7641 7741 7841 7941 8041 8141 8241 8341 8441 8541 8641 8741 8841 8941 9041 9141 9241 9341 9441 9541 9641 9741 9841 9941
  42 142 242 342 442 542 642 742 842 942 1042 1142 1242 1342 1442 1542 1642 1742 1842 1942 2042 2142 2242 2342 2442 7459 7359 7259 7159 7059 6959 6859 6759 6659 6559 6459 6359 6259 6159 6059 5959 5859 5759 5659 5559 5459 5359 5259 5159 5059 4959 4859 4759 4659 4559 4459 4359 4259 4159 4059 3959 3859 3759 3659 3559 3459 3359 3259 3159 3059 2959 2859 2759 2659 2559 7542 7642 7742 7842 7942 8042 8142 8242 8342 8442 8542 8642 8742 8842 8942 9042 9142 9242 9342 9442 9542 9642 9742 9842 9942
  43 143 243 343 443 543 643 743 843 943 1043 1143 1243 1343 1443 1543 1643 1743 1843 1943 2043 2143 2243 2343 2443 7458 7358 7258 7158 7058 6958 6858 6758 6658 6558 6458 6358 6258 6158 6058 5958 5858 5758 5658 5558 5458 5358 5258 5158 5058 4958 4858 4758 4658 4558 4458 4358 4258 4158 4058 3958 3858 3758 3658 3558 3458 3358 3258 3158 3058 2958 2858 2758 2658 2558 7543 7643 7743 7843 7943 8043 8143 8243 8343 8443 8543 8643 8743 8843 8943 9043 9143 9243 9343 9443 9543 9643 9743 9843 9943
  44 144 244 344 444 544 644 744 844 944 1044 1144 1244 1344 1444 1544 1644 1744 1844 1944 2044 2144 2244 2344 2444 7457 7357 7257 7157 7057 6957 6857 6757 6657 6557 6457 6357 6257 6157 6057 5957 5857 5757 5657 5557 5457 5357 5257 5157 5057 4957 4857 4757 4657 4557 4457 4357 4257 4157 4057 3957 3857 3757 3657 3557 3457 3357 3257 3157 3057 2957 2857 2757 2657 2557 7544 7644 7744 7844 7944 8044 8144 8244 8344 8444 8544 8644 8744 8844 8944 9044 9144 9244 9344 9444 9544 9644 9744 9844 9944
  45 145 245 345 445 545 645 745 845 945 1045 1145 1245 1345 1445 1545 1645 1745 1845 1945 2045 2145 2245 2345 2445 7456 7356 7256 7156 7056 6956 6856 6756 6656 6556 6456 6356 6256 6156 6056 5956 5856 5756 5656 5556 5456 5356 5256 5156 5056 4956 4856 4756 4656 4556 4456 4356 4256 4156 4056 3956 3856 3756 3656 3556 3456 3356 3256 3156 3056 2956 2856 2756 2656 2556 7545 7645 7745 7845 7945 8045 8145 8245 8345 8445 8545 8645 8745 8845 8945 9045 9145 9245 9345 9445 9545 9645 9745 9845 9945
  46 146 246 346 446 546 646 746 846 946 1046 1146 1246 1346 1446 1546 1646 1746 1846 1946 2046 2146 2246 2346 2446 7455 7355 7255 7155 7055 6955 6855 6755 6655 6555 6455 6355 6255 6155 6055 5955 5855 5755 5655 5555 5455 5355 5255 5155 5055 4955 4855 4755 4655 4555 4455 4355 4255 4155 4055 3955 3855 3755 3655 3555 3455 3355 3255 3155 3055 2955 2855 2755 2655 2555 7546 7646 7746 7846 7946 8046 8146 8246 8346 8446 8546 8646 8746 8846 8946 9046 9146 9246 9346 9446 9546 9646 9746 9846 9946
  47 147 247 347 447 547 647 747 847 947 1047 1147 1247 1347 1447 1547 1647 1747 1847 1947 2047 2147 2247 2347 2447 7454 7354 7254 7154 7054 6954 6854 6754 6654 6554 6454 6354 6254 6154 6054 5954 5854 5754 5654 5554 5454 5354 5254 5154 5054 4954 4854 4754 4654 4554 4454 4354 4254 4154 4054 3954 3854 3754 3654 3554 3454 3354 3254 3154 3054 2954 2854 2754 2654 2554 7547 7647 7747 7847 7947 8047 8147 8247 8347 8447 8547 8647 8747 8847 8947 9047 9147 9247 9347 9447 9547 9647 9747 9847 9947
  48 148 248 348 448 548 648 748 848 948 1048 1148 1248 1348 1448 1548 1648 1748 1848 1948 2048 2148 2248 2348 2448 7453 7353 7253 7153 7053 6953 6853 6753 6653 6553 6453 6353 6253 6153 6053 5953 5853 5753 5653 5553 5453 5353 5253 5153 5053 4953 4853 4753 4653 4553 4453 4353 4253 4153 4053 3953 3853 3753 3653 3553 3453 3353 3253 3153 3053 2953 2853 2753 2653 2553 7548 7648 7748 7848 7948 8048 8148 8248 8348 8448 8548 8648 8748 8848 8948 9048 9148 9248 9348 9448 9548 9648 9748 9848 9948
  49 149 249 349 449 549 649 749 849 949 1049 1149 1249 1349 1449 1549 1649 1749 1849 1949 2049 2149 2249 2349 2449 7452 7352 7252 7152 7052 6952 6852 6752 6652 6552 6452 6352 6252 6152 6052 5952 5852 5752 5652 5552 5452 5352 5252 5152 5052 4952 4852 4752 4652 4552 4452 4352 4252 4152 4052 3952 3852 3752 3652 3552 3452 3352 3252 3152 3052 2952 2852 2752 2652 2552 7549 7649 7749 7849 7949 8049 8149 8249 8349 8449 8549 8649 8749 8849 8949 9049 9149 9249 9349 9449 9549 9649 9749 9849 9949
  50 150 250 350 450 550 650 750 850 950 1050 1150 1250 1350 1450 1550 1650 1750 1850 1950 2050 2150 2250 2350 2450 7451 7351 7251 7151 7051 6951 6851 6751 6651 6551 6451 6351 6251 6151 6051 5951 5851 5751 5651 5551 5451 5351 5251 5151 5051 4951 4851 4751 4651 4551 4451 4351 4251 4151 4051 3951 3851 3751 3651 3551 3451 3351 3251 3151 3051 2951 2851 2751 2651 2551 7550 7650 7750 7850 7950 8050 8150 8250 8350 8450 8550 8650 8750 8850 8950 9050 9150 9250 9350 9450 9550 9650 9750 9850 9950
  51 151 251 351 451 551 651 751 851 951 1051 1151 1251 1351 1451 1551 1651 1751 1851 1951 2051 2151 2251 2351 2451 7450 7350 7250 7150 7050 6950 6850 6750 6650 6550 6450 6350 6250 6150 6050 5950 5850 5750 5650 5550 5450 5350 5250 5150 5050 4950 4850 4750 4650 4550 4450 4350 4250 4150 4050 3950 3850 3750 3650 3550 3450 3350 3250 3150 3050 2950 2850 2750 2650 2550 7551 7651 7751 7851 7951 8051 8151 8251 8351 8451 8551 8651 8751 8851 8951 9051 9151 9251 9351 9451 9551 9651 9751 9851 9951
  52 152 252 352 452 552 652 752 852 952 1052 1152 1252 1352 1452 1552 1652 1752 1852 1952 2052 2152 2252 2352 2452 7449 7349 7249 7149 7049 6949 6849 6749 6649 6549 6449 6349 6249 6149 6049 5949 5849 5749 5649 5549 5449 5349 5249 5149 5049 4949 4849 4749 4649 4549 4449 4349 4249 4149 4049 3949 3849 3749 3649 3549 3449 3349 3249 3149 3049 2949 2849 2749 2649 2549 7552 7652 7752 7852 7952 8052 8152 8252 8352 8452 8552 8652 8752 8852 8952 9052 9152 9252 9352 9452 9552 9652 9752 9852 9952
  53 153 253 353 453 553 653 753 853 953 1053 1153 1253 1353 1453 1553 1653 1753 1853 1953 2053 2153 2253 2353 2453 7448 7348 7248 7148 7048 6948 6848 6748 6648 6548 6448 6348 6248 6148 6048 5948 5848 5748 5648 5548 5448 5348 5248 5148 5048 4948 4848 4748 4648 4548 4448 4348 4248 4148 4048 3948 3848 3748 3648 3548 3448 3348 3248 3148 3048 2948 2848 2748 2648 2548 7553 7653 7753 7853 7953 8053 8153 8253 8353 8453 8553 8653 8753 8853 8953 9053 9153 9253 9353 9453 9553 9653 9753 9853 9953
  54 154 254 354 454 554 654 754 854 954 1054 1154 1254 1354 1454 1554 1654 1754 1854 1954 2054 2154 2254 2354 2454 7447 7347 7247 7147 7047 6947 6847 6747 6647 6547 6447 6347 6247 6147 6047 5947 5847 5747 5647 5547 5447 5347 5247 5147 5047 4947 4847 4747 4647 4547 4447 4347 4247 4147 4047 3947 3847 3747 3647 3547 3447 3347 3247 3147 3047 2947 2847 2747 2647 2547 7554 7654 7754 7854 7954 8054 8154 8254 8354 8454 8554 8654 8754 8854 8954 9054 9154 9254 9354 9454 9554 9654 9754 9854 9954
  55 155 255 355 455 555 655 755 855 955 1055 1155 1255 1355 1455 1555 1655 1755 1855 1955 2055 2155 2255 2355 2455 7446 7346 7246 7146 7046 6946 6846 6746 6646 6546 6446 6346 6246 6146 6046 5946 5846 5746 5646 5546 5446 5346 5246 5146 5046 4946 4846 4746 4646 4546 4446 4346 4246 4146 4046 3946 3846 3746 3646 3546 3446 3346 3246 3146 3046 2946 2846 2746 2646 2546 7555 7655 7755 7855 7955 8055 8155 8255 8355 8455 8555 8655 8755 8855 8955 9055 9155 9255 9355 9455 9555 9655 9755 9855 9955
  56 156 256 356 456 556 656 756 856 956 1056 1156 1256 1356 1456 1556 1656 1756 1856 1956 2056 2156 2256 2356 2456 7445 7345 7245 7145 7045 6945 6845 6745 6645 6545 6445 6345 6245 6145 6045 5945 5845 5745 5645 5545 5445 5345 5245 5145 5045 4945 4845 4745 4645 4545 4445 4345 4245 4145 4045 3945 3845 3745 3645 3545 3445 3345 3245 3145 3045 2945 2845 2745 2645 2545 7556 7656 7756 7856 7956 8056 8156 8256 8356 8456 8556 8656 8756 8856 8956 9056 9156 9256 9356 9456 9556 9656 9756 9856 9956
  57 157 257 357 457 557 657 757 857 957 1057 1157 1257 1357 1457 1557 1657 1757 1857 1957 2057 2157 2257 2357 2457 7444 7344 7244 7144 7044 6944 6844 6744 6644 6544 6444 6344 6244 6144 6044 5944 5844 5744 5644 5544 5444 5344 5244 5144 5044 4944 4844 4744 4644 4544 4444 4344 4244 4144 4044 3944 3844 3744 3644 3544 3444 3344 3244 3144 3044 2944 2844 2744 2644 2544 7557 7657 7757 7857 7957 8057 8157 8257 8357 8457 8557 8657 8757 8857 8957 9057 9157 9257 9357 9457 9557 9657 9757 9857 9957
  58 158 258 358 458 558 658 758 858 958 1058 1158 1258 1358 1458 1558 1658 1758 1858 1958 2058 2158 2258 2358 2458 7443 7343 7243 7143 7043 6943 6843 6743 6643 6543 6443 6343 6243 6143 6043 5943 5843 5743 5643 5543 5443 5343 5243 5143 5043 4943 4843 4743 4643 4543 4443 4343 4243 4143 4043 3943 3843 3743 3643 3543 3443 3343 3243 3143 3043 2943 2843 2743 2643 2543 7558 7658 7758 7858 7958 8058 8158 8258 8358 8458 8558 8658 8758 8858 8958 9058 9158 9258 9358 9458 9558 9658 9758 9858 9958
  59 159 259 359 459 559 659 759 859 959 1059 1159 1259 1359 1459 1559 1659 1759 1859 1959 2059 2159 2259 2359 2459 7442 7342 7242 7142 7042 6942 6842 6742 6642 6542 6442 6342 6242 6142 6042 5942 5842 5742 5642 5542 5442 5342 5242 5142 5042 4942 4842 4742 4642 4542 4442 4342 4242 4142 4042 3942 3842 3742 3642 3542 3442 3342 3242 3142 3042 2942 2842 2742 2642 2542 7559 7659 7759 7859 7959 8059 8159 8259 8359 8459 8559 8659 8759 8859 8959 9059 9159 9259 9359 9459 9559 9659 9759 9859 9959
  60 160 260 360 460 560 660 760 860 960 1060 1160 1260 1360 1460 1560 1660 1760 1860 1960 2060 2160 2260 2360 2460 7441 7341 7241 7141 7041 6941 6841 6741 6641 6541 6441 6341 6241 6141 6041 5941 5841 5741 5641 5541 5441 5341 5241 5141 5041 4941 4841 4741 4641 4541 4441 4341 4241 4141 4041 3941 3841 3741 3641 3541 3441 3341 3241 3141 3041 2941 2841 2741 2641 2541 7560 7660 7760 7860 7960 8060 8160 8260 8360 8460 8560 8660 8760 8860 8960 9060 9160 9260 9360 9460 9560 9660 9760 9860 9960
  61 161 261 361 461 561 661 761 861 961 1061 1161 1261 1361 1461 1561 1661 1761 1861 1961 2061 2161 2261 2361 2461 7440 7340 7240 7140 7040 6940 6840 6740 6640 6540 6440 6340 6240 6140 6040 5940 5840 5740 5640 5540 5440 5340 5240 5140 5040 4940 4840 4740 4640 4540 4440 4340 4240 4140 4040 3940 3840 3740 3640 3540 3440 3340 3240 3140 3040 2940 2840 2740 2640 2540 7561 7661 7761 7861 7961 8061 8161 8261 8361 8461 8561 8661 8761 8861 8961 9061 9161 9261 9361 9461 9561 9661 9761 9861 9961
  62 162 262 362 462 562 662 762 862 962 1062 1162 1262 1362 1462 1562 1662 1762 1862 1962 2062 2162 2262 2362 2462 7439 7339 7239 7139 7039 6939 6839 6739 6639 6539 6439 6339 6239 6139 6039 5939 5839 5739 5639 5539 5439 5339 5239 5139 5039 4939 4839 4739 4639 4539 4439 4339 4239 4139 4039 3939 3839 3739 3639 3539 3439 3339 3239 3139 3039 2939 2839 2739 2639 2539 7562 7662 7762 7862 7962 8062 8162 8262 8362 8462 8562 8662 8762 8862 8962 9062 9162 9262 9362 9462 9562 9662 9762 9862 9962
  63 163 263 363 463 563 663 763 863 963 1063 1163 1263 1363 1463 1563 1663 1763 1863 1963 2063 2163 2263 2363 2463 7438 7338 7238 7138 7038 6938 6838 6738 6638 6538 6438 6338 6238 6138 6038 5938 5838 5738 5638 5538 5438 5338 5238 5138 5038 4938 4838 4738 4638 4538 4438 4338 4238 4138 4038 3938 3838 3738 3638 3538 3438 3338 3238 3138 3038 2938 2838 2738 2638 2538 7563 7663 7763 7863 7963 8063 8163 8263 8363 8463 8563 8663 8763 8863 8963 9063 9163 9263 9363 9463 9563 9663 9763 9863 9963
  64 164 264 364 464 564 664 764 864 964 1064 1164 1264 1364 1464 1564 1664 1764 1864 1964 2064 2164 2264 2364 2464 7437 7337 7237 7137 7037 6937 6837 6737 6637 6537 6437 6337 6237 6137 6037 5937 5837 5737 5637 5537 5437 5337 5237 5137 5037 4937 4837 4737 4637 4537 4437 4337 4237 4137 4037 3937 3837 3737 3637 3537 3437 3337 3237 3137 3037 2937 2837 2737 2637 2537 7564 7664 7764 7864 7964 8064 8164 8264 8364 8464 8564 8664 8764 8864 8964 9064 9164 9264 9364 9464 9564 9664 9764 9864 9964
  65 165 265 365 465 565 665 765 865 965 1065 1165 1265 1365 1465 1565 1665 1765 1865 1965 2065 2165 2265 2365 2465 7436 7336 7236 7136 7036 6936 6836 6736 6636 6536 6436 6336 6236 6136 6036 5936 5836 5736 5636 5536 5436 5336 5236 5136 5036 4936 4836 4736 4636 4536 4436 4336 4236 4136 4036 3936 3836 3736 3636 3536 3436 3336 3236 3136 3036 2936 2836 2736 2636 2536 7565 7665 7765 7865 7965 8065 8165 8265 8365 8465 8565 8665 8765 8865 8965 9065 9165 9265 9365 9465 9565 9665 9765 9865 9965
  66 166 266 366 466 566 666 766 866 966 1066 1166 1266 1366 1466 1566 1666 1766 1866 1966 2066 2166 2266 2366 2466 7435 7335 7235 7135 7035 6935 6835 6735 6635 6535 6435 6335 6235 6135 6035 5935 5835 5735 5635 5535 5435 5335 5235 5135 5035 4935 4835 4735 4635 4535 4435 4335 4235 4135 4035 3935 3835 3735 3635 3535 3435 3335 3235 3135 3035 2935 2835 2735 2635 2535 7566 7666 7766 7866 7966 8066 8166 8266 8366 8466 8566 8666 8766 8866 8966 9066 9166 9266 9366 9466 9566 9666 9766 9866 9966
  67 167 267 367 467 567 667 767 867 967 1067 1167 1267 1367 1467 1567 1667 1767 1867 1967 2067 2167 2267 2367 2467 7434 7334 7234 7134 7034 6934 6834 6734 6634 6534 6434 6334 6234 6134 6034 5934 5834 5734 5634 5534 5434 5334 5234 5134 5034 4934 4834 4734 4634 4534 4434 4334 4234 4134 4034 3934 3834 3734 3634 3534 3434 3334 3234 3134 3034 2934 2834 2734 2634 2534 7567 7667 7767 7867 7967 8067 8167 8267 8367 8467 8567 8667 8767 8867 8967 9067 9167 9267 9367 9467 9567 9667 9767 9867 9967
  68 168 268 368 468 568 668 768 868 968 1068 1168 1268 1368 1468 1568 1668 1768 1868 1968 2068 2168 2268 2368 2468 7433 7333 7233 7133 7033 6933 6833 6733 6633 6533 6433 6333 6233 6133 6033 5933 5833 5733 5633 5533 5433 5333 5233 5133 5033 4933 4833 4733 4633 4533 4433 4333 4233 4133 4033 3933 3833 3733 3633 3533 3433 3333 3233 3133 3033 2933 2833 2733 2633 2533 7568 7668 7768 7868 7968 8068 8168 8268 8368 8468 8568 8668 8768 8868 8968 9068 9168 9268 9368 9468 9568 9668 9768 9868 9968
  69 169 269 369 469 569 669 769 869 969 1069 1169 1269 1369 1469 1569 1669 1769 1869 1969 2069 2169 2269 2369 2469 7432 7332 7232 7132 7032 6932 6832 6732 6632 6532 6432 6332 6232 6132 6032 5932 5832 5732 5632 5532 5432 5332 5232 5132 5032 4932 4832 4732 4632 4532 4432 4332 4232 4132 4032 3932 3832 3732 3632 3532 3432 3332 3232 3132 3032 2932 2832 2732 2632 2532 7569 7669 7769 7869 7969 8069 8169 8269 8369 8469 8569 8669 8769 8869 8969 9069 9169 9269 9369 9469 9569 9669 9769 9869 9969
  70 170 270 370 470 570 670 770 870 970 1070 1170 1270 1370 1470 1570 1670 1770 1870 1970 2070 2170 2270 2370 2470 7431 7331 7231 7131 7031 6931 6831 6731 6631 6531 6431 6331 6231 6131 6031 5931 5831 5731 5631 5531 5431 5331 5231 5131 5031 4931 4831 4731 4631 4531 4431 4331 4231 4131 4031 3931 3831 3731 3631 3531 3431 3331 3231 3131 3031 2931 2831 2731 2631 2531 7570 7670 7770 7870 7970 8070 8170 8270 8370 8470 8570 8670 8770 8870 8970 9070 9170 9270 9370 9470 9570 9670 9770 9870 9970
  71 171 271 371 471 571 671 771 871 971 1071 1171 1271 1371 1471 1571 1671 1771 1871 1971 2071 2171 2271 2371 2471 7430 7330 7230 7130 7030 6930 6830 6730 6630 6530 6430 6330 6230 6130 6030 5930 5830 5730 5630 5530 5430 5330 5230 5130 5030 4930 4830 4730 4630 4530 4430 4330 4230 4130 4030 3930 3830 3730 3630 3530 3430 3330 3230 3130 3030 2930 2830 2730 2630 2530 7571 7671 7771 7871 7971 8071 8171 8271 8371 8471 8571 8671 8771 8871 8971 9071 9171 9271 9371 9471 9571 9671 9771 9871 9971
  72 172 272 372 472 572 672 772 872 972 1072 1172 1272 1372 1472 1572 1672 1772 1872 1972 2072 2172 2272 2372 2472 7429 7329 7229 7129 7029 6929 6829 6729 6629 6529 6429 6329 6229 6129 6029 5929 5829 5729 5629 5529 5429 5329 5229 5129 5029 4929 4829 4729 4629 4529 4429 4329 4229 4129 4029 3929 3829 3729 3629 3529 3429 3329 3229 3129 3029 2929 2829 2729 2629 2529 7572 7672 7772 7872 7972 8072 8172 8272 8372 8472 8572 8672 8772 8872 8972 9072 9172 9272 9372 9472 9572 9672 9772 9872 9972
  73 173 273 373 473 573 673 773 873 973 1073 1173 1273 1373 1473 1573 1673 1773 1873 1973 2073 2173 2273 2373 2473 7428 7328 7228 7128 7028 6928 6828 6728 6628 6528 6428 6328 6228 6128 6028 5928 5828 5728 5628 5528 5428 5328 5228 5128 5028 4928 4828 4728 4628 4528 4428 4328 4228 4128 4028 3928 3828 3728 3628 3528 3428 3328 3228 3128 3028 2928 2828 2728 2628 2528 7573 7673 7773 7873 7973 8073 8173 8273 8373 8473 8573 8673 8773 8873 8973 9073 9173 9273 9373 9473 9573 9673 9773 9873 9973
  74 174 274 374 474 574 674 774 874 974 1074 1174 1274 1374 1474 1574 1674 1774 1874 1974 2074 2174 2274 2374 2474 7427 7327 7227 7127 7027 6927 6827 6727 6627 6527 6427 6327 6227 6127 6027 5927 5827 5727 5627 5527 5427 5327 5227 5127 5027 4927 4827 4727 4627 4527 4427 4327 4227 4127 4027 3927 3827 3727 3627 3527 3427 3327 3227 3127 3027 2927 2827 2727 2627 2527 7574 7674 7774 7874 7974 8074 8174 8274 8374 8474 8574 8674 8774 8874 8974 9074 9174 9274 9374 9474 9574 9674 9774 9874 9974
  75 175 275 375 475 575 675 775 875 975 1075 1175 1275 1375 1475 1575 1675 1775 1875 1975 2075 2175 2275 2375 2475 7426 7326 7226 7126 7026 6926 6826 6726 6626 6526 6426 6326 6226 6126 6026 5926 5826 5726 5626 5526 5426 5326 5226 5126 5026 4926 4826 4726 4626 4526 4426 4326 4226 4126 4026 3926 3826 3726 3626 3526 3426 3326 3226 3126 3026 2926 2826 2726 2626 2526 7575 7675 7775 7875 7975 8075 8175 8275 8375 8475 8575 8675 8775 8875 8975 9075 9175 9275 9375 9475 9575 9675 9775 9875 9975
 9925 9825 9725 9625 9525 9425 9325 9225 9125 9025 8925 8825 8725 8625 8525 8425 8325 8225 8125 8025 7925 7825 7725 7625 7525 2576 2676 2776 2876 2976 3076 3176 3276 3376 3476 3576 3676 3776 3876 3976 4076 4176 4276 4376 4476 4576 4676 4776 4876 4976 5076 5176 5276 5376 5476 5576 5676 5776 5876 5976 6076 6176 6276 6376 6476 6576 6676 6776 6876 6976 7076 7176 7276 7376 7476 2425 2325 2225 2125 2025 1925 1825 1725 1625 1525 1425 1325 1225 1125 1025 925 825 725 625 525 425 325 225 125  25
 9924 9824 9724 9624 9524 9424 9324 9224 9124 9024 8924 8824 8724 8624 8524 8424 8324 8224 8124 8024 7924 7824 7724 7624 7524 2577 2677 2777 2877 2977 3077 3177 3277 3377 3477 3577 3677 3777 3877 3977 4077 4177 4277 4377 4477 4577 4677 4777 4877 4977 5077 5177 5277 5377 5477 5577 5677 5777 5877 5977 6077 6177 6277 6377 6477 6577 6677 6777 6877 6977 7077 7177 7277 7377 7477 2424 2324 2224 2124 2024 1924 1824 1724 1624 1524 1424 1324 1224 1124 1024 924 824 724 624 524 424 324 224 124  24
 9923 9823 9723 9623 9523 9423 9323 9223 9123 9023 8923 8823 8723 8623 8523 8423 8323 8223 8123 8023 7923 7823 7723 7623 7523 2578 2678 2778 2878 2978 3078 3178 3278 3378 3478 3578 3678 3778 3878 3978 4078 4178 4278 4378 4478 4578 4678 4778 4878 4978 5078 5178 5278 5378 5478 5578 5678 5778 5878 5978 6078 6178 6278 6378 6478 6578 6678 6778 6878 6978 7078 7178 7278 7378 7478 2423 2323 2223 2123 2023 1923 1823 1723 1623 1523 1423 1323 1223 1123 1023 923 823 723 623 523 423 323 223 123  23
 9922 9822 9722 9622 9522 9422 9322 9222 9122 9022 8922 8822 8722 8622 8522 8422 8322 8222 8122 8022 7922 7822 7722 7622 7522 2579 2679 2779 2879 2979 3079 3179 3279 3379 3479 3579 3679 3779 3879 3979 4079 4179 4279 4379 4479 4579 4679 4779 4879 4979 5079 5179 5279 5379 5479 5579 5679 5779 5879 5979 6079 6179 6279 6379 6479 6579 6679 6779 6879 6979 7079 7179 7279 7379 7479 2422 2322 2222 2122 2022 1922 1822 1722 1622 1522 1422 1322 1222 1122 1022 922 822 722 622 522 422 322 222 122  22
 9921 9821 9721 9621 9521 9421 9321 9221 9121 9021 8921 8821 8721 8621 8521 8421 8321 8221 8121 8021 7921 7821 7721 7621 7521 2580 2680 2780 2880 2980 3080 3180 3280 3380 3480 3580 3680 3780 3880 3980 4080 4180 4280 4380 4480 4580 4680 4780 4880 4980 5080 5180 5280 5380 5480 5580 5680 5780 5880 5980 6080 6180 6280 6380 6480 6580 6680 6780 6880 6980 7080 7180 7280 7380 7480 2421 2321 2221 2121 2021 1921 1821 1721 1621 1521 1421 1321 1221 1121 1021 921 821 721 621 521 421 321 221 121  21
 9920 9820 9720 9620 9520 9420 9320 9220 9120 9020 8920 8820 8720 8620 8520 8420 8320 8220 8120 8020 7920 7820 7720 7620 7520 2581 2681 2781 2881 2981 3081 3181 3281 3381 3481 3581 3681 3781 3881 3981 4081 4181 4281 4381 4481 4581 4681 4781 4881 4981 5081 5181 5281 5381 5481 5581 5681 5781 5881 5981 6081 6181 6281 6381 6481 6581 6681 6781 6881 6981 7081 7181 7281 7381 7481 2420 2320 2220 2120 2020 1920 1820 1720 1620 1520 1420 1320 1220 1120 1020 920 820 720 620 520 420 320 220 120  20
 9919 9819 9719 9619 9519 9419 9319 9219 9119 9019 8919 8819 8719 8619 8519 8419 8319 8219 8119 8019 7919 7819 7719 7619 7519 2582 2682 2782 2882 2982 3082 3182 3282 3382 3482 3582 3682 3782 3882 3982 4082 4182 4282 4382 4482 4582 4682 4782 4882 4982 5082 5182 5282 5382 5482 5582 5682 5782 5882 5982 6082 6182 6282 6382 6482 6582 6682 6782 6882 6982 7082 7182 7282 7382 7482 2419 2319 2219 2119 2019 1919 1819 1719 1619 1519 1419 1319 1219 1119 1019 919 819 719 619 519 419 319 219 119  19
 9918 9818 9718 9618 9518 9418 9318 9218 9118 9018 8918 8818 8718 8618 8518 8418 8318 8218 8118 8018 7918 7818 7718 7618 7518 2583 2683 2783 2883 2983 3083 3183 3283 3383 3483 3583 3683 3783 3883 3983 4083 4183 4283 4383 4483 4583 4683 4783 4883 4983 5083 5183 5283 5383 5483 5583 5683 5783 5883 5983 6083 6183 6283 6383 6483 6583 6683 6783 6883 6983 7083 7183 7283 7383 7483 2418 2318 2218 2118 2018 1918 1818 1718 1618 1518 1418 1318 1218 1118 1018 918 818 718 618 518 418 318 218 118  18
 9917 9817 9717 9617 9517 9417 9317 9217 9117 9017 8917 8817 8717 8617 8517 8417 8317 8217 8117 8017 7917 7817 7717 7617 7517 2584 2684 2784 2884 2984 3084 3184 3284 3384 3484 3584 3684 3784 3884 3984 4084 4184 4284 4384 4484 4584 4684 4784 4884 4984 5084 5184 5284 5384 5484 5584 5684 5784 5884 5984 6084 6184 6284 6384 6484 6584 6684 6784 6884 6984 7084 7184 7284 7384 7484 2417 2317 2217 2117 2017 1917 1817 1717 1617 1517 1417 1317 1217 1117 1017 917 817 717 617 517 417 317 217 117  17
 9916 9816 9716 9616 9516 9416 9316 9216 9116 9016 8916 8816 8716 8616 8516 8416 8316 8216 8116 8016 7916 7816 7716 7616 7516 2585 2685 2785 2885 2985 3085 3185 3285 3385 3485 3585 3685 3785 3885 3985 4085 4185 4285 4385 4485 4585 4685 4785 4885 4985 5085 5185 5285 5385 5485 5585 5685 5785 5885 5985 6085 6185 6285 6385 6485 6585 6685 6785 6885 6985 7085 7185 7285 7385 7485 2416 2316 2216 2116 2016 1916 1816 1716 1616 1516 1416 1316 1216 1116 1016 916 816 716 616 516 416 316 216 116  16
 9915 9815 9715 9615 9515 9415 9315 9215 9115 9015 8915 8815 8715 8615 8515 8415 8315 8215 8115 8015 7915 7815 7715 7615 7515 2586 2686 2786 2886 2986 3086 3186 3286 3386 3486 3586 3686 3786 3886 3986 4086 4186 4286 4386 4486 4586 4686 4786 4886 4986 5086 5186 5286 5386 5486 5586 5686 5786 5886 5986 6086 6186 6286 6386 6486 6586 6686 6786 6886 6986 7086 7186 7286 7386 7486 2415 2315 2215 2115 2015 1915 1815 1715 1615 1515 1415 1315 1215 1115 1015 915 815 715 615 515 415 315 215 115  15
 9914 9814 9714 9614 9514 9414 9314 9214 9114 9014 8914 8814 8714 8614 8514 8414 8314 8214 8114 8014 7914 7814 7714 7614 7514 2587 2687 2787 2887 2987 3087 3187 3287 3387 3487 3587 3687 3787 3887 3987 4087 4187 4287 4387 4487 4587 4687 4787 4887 4987 5087 5187 5287 5387 5487 5587 5687 5787 5887 5987 6087 6187 6287 6387 6487 6587 6687 6787 6887 6987 7087 7187 7287 7387 7487 2414 2314 2214 2114 2014 1914 1814 1714 1614 1514 1414 1314 1214 1114 1014 914 814 714 614 514 414 314 214 114  14
 9913 9813 9713 9613 9513 9413 9313 9213 9113 9013 8913 8813 8713 8613 8513 8413 8313 8213 8113 8013 7913 7813 7713 7613 7513 2588 2688 2788 2888 2988 3088 3188 3288 3388 3488 3588 3688 3788 3888 3988 4088 4188 4288 4388 4488 4588 4688 4788 4888 4988 5088 5188 5288 5388 5488 5588 5688 5788 5888 5988 6088 6188 6288 6388 6488 6588 6688 6788 6888 6988 7088 7188 7288 7388 7488 2413 2313 2213 2113 2013 1913 1813 1713 1613 1513 1413 1313 1213 1113 1013 913 813 713 613 513 413 313 213 113  13
 9912 9812 9712 9612 9512 9412 9312 9212 9112 9012 8912 8812 8712 8612 8512 8412 8312 8212 8112 8012 7912 7812 7712 7612 7512 2589 2689 2789 2889 2989 3089 3189 3289 3389 3489 3589 3689 3789 3889 3989 4089 4189 4289 4389 4489 4589 4689 4789 4889 4989 5089 5189 5289 5389 5489 5589 5689 5789 5889 5989 6089 6189 6289 6389 6489 6589 6689 6789 6889 6989 7089 7189 7289 7389 7489 2412 2312 2212 2112 2012 1912 1812 1712 1612 1512 1412 1312 1212 1112 1012 912 812 712 612 512 412 312 212 112  12
 9911 9811 9711 9611 9511 9411 9311 9211 9111 9011 8911 8811 8711 8611 8511 8411 8311 8211 8111 8011 7911 7811 7711 7611 7511 2590 2690 2790 2890 2990 3090 3190 3290 3390 3490 3590 3690 3790 3890 3990 4090 4190 4290 4390 4490 4590 4690 4790 4890 4990 5090 5190 5290 5390 5490 5590 5690 5790 5890 5990 6090 6190 6290 6390 6490 6590 6690 6790 6890 6990 7090 7190 7290 7390 7490 2411 2311 2211 2111 2011 1911 1811 1711 1611 1511 1411 1311 1211 1111 1011 911 811 711 611 511 411 311 211 111  11
 9910 9810 9710 9610 9510 9410 9310 9210 9110 9010 8910 8810 8710 8610 8510 8410 8310 8210 8110 8010 7910 7810 7710 7610 7510 2591 2691 2791 2891 2991 3091 3191 3291 3391 3491 3591 3691 3791 3891 3991 4091 4191 4291 4391 4491 4591 4691 4791 4891 4991 5091 5191 5291 5391 5491 5591 5691 5791 5891 5991 6091 6191 6291 6391 6491 6591 6691 6791 6891 6991 7091 7191 7291 7391 7491 2410 2310 2210 2110 2010 1910 1810 1710 1610 1510 1410 1310 1210 1110 1010 910 810 710 610 510 410 310 210 110  10
 9909 9809 9709 9609 9509 9409 9309 9209 9109 9009 8909 8809 8709 8609 8509 8409 8309 8209 8109 8009 7909 7809 7709 7609 7509 2592 2692 2792 2892 2992 3092 3192 3292 3392 3492 3592 3692 3792 3892 3992 4092 4192 4292 4392 4492 4592 4692 4792 4892 4992 5092 5192 5292 5392 5492 5592 5692 5792 5892 5992 6092 6192 6292 6392 6492 6592 6692 6792 6892 6992 7092 7192 7292 7392 7492 2409 2309 2209 2109 2009 1909 1809 1709 1609 1509 1409 1309 1209 1109 1009 909 809 709 609 509 409 309 209 109   9
 9908 9808 9708 9608 9508 9408 9308 9208 9108 9008 8908 8808 8708 8608 8508 8408 8308 8208 8108 8008 7908 7808 7708 7608 7508 2593 2693 2793 2893 2993 3093 3193 3293 3393 3493 3593 3693 3793 3893 3993 4093 4193 4293 4393 4493 4593 4693 4793 4893 4993 5093 5193 5293 5393 5493 5593 5693 5793 5893 5993 6093 6193 6293 6393 6493 6593 6693 6793 6893 6993 7093 7193 7293 7393 7493 2408 2308 2208 2108 2008 1908 1808 1708 1608 1508 1408 1308 1208 1108 1008 908 808 708 608 508 408 308 208 108   8
 9907 9807 9707 9607 9507 9407 9307 9207 9107 9007 8907 8807 8707 8607 8507 8407 8307 8207 8107 8007 7907 7807 7707 7607 7507 2594 2694 2794 2894 2994 3094 3194 3294 3394 3494 3594 3694 3794 3894 3994 4094 4194 4294 4394 4494 4594 4694 4794 4894 4994 5094 5194 5294 5394 5494 5594 5694 5794 5894 5994 6094 6194 6294 6394 6494 6594 6694 6794 6894 6994 7094 7194 7294 7394 7494 2407 2307 2207 2107 2007 1907 1807 1707 1607 1507 1407 1307 1207 1107 1007 907 807 707 607 507 407 307 207 107   7
 9906 9806 9706 9606 9506 9406 9306 9206 9106 9006 8906 8806 8706 8606 8506 8406 8306 8206 8106 8006 7906 7806 7706 7606 7506 2595 2695 2795 2895 2995 3095 3195 3295 3395 3495 3595 3695 3795 3895 3995 4095 4195 4295 4395 4495 4595 4695 4795 4895 4995 5095 5195 5295 5395 5495 5595 5695 5795 5895 5995 6095 6195 6295 6395 6495 6595 6695 6795 6895 6995 7095 7195 7295 7395 7495 2406 2306 2206 2106 2006 1906 1806 1706 1606 1506 1406 1306 1206 1106 1006 906 806 706 606 506 406 306 206 106   6
 9905 9805 9705 9605 9505 9405 9305 9205 9105 9005 8905 8805 8705 8605 8505 8405 8305 8205 8105 8005 7905 7805 7705 7605 7505 2596 2696 2796 2896 2996 3096 3196 3296 3396 3496 3596 3696 3796 3896 3996 4096 4196 4296 4396 4496 4596 4696 4796 4896 4996 5096 5196 5296 5396 5496 5596 5696 5796 5896 5996 6096 6196 6296 6396 6496 6596 6696 6796 6896 6996 7096 7196 7296 7396 7496 2405 2305 2205 2105 2005 1905 1805 1705 1605 1505 1405 1305 1205 1105 1005 905 805 705 605 505 405 305 205 105   5
 9904 9804 9704 9604 9504 9404 9304 9204 9104 9004 8904 8804 8704 8604 8504 8404 8304 8204 8104 8004 7904 7804 7704 7604 7504 2597 2697 2797 2897 2997 3097 3197 3297 3397 3497 3597 3697 3797 3897 3997 4097 4197 4297 4397 4497 4597 4697 4797 4897 4997 5097 5197 5297 5397 5497 5597 5697 5797 5897 5997 6097 6197 6297 6397 6497 6597 6697 6797 6897 6997 7097 7197 7297 7397 7497 2404 2304 2204 2104 2004 1904 1804 1704 1604 1504 1404 1304 1204 1104 1004 904 804 704 604 504 404 304 204 104   4
 9903 9803 9703 9603 9503 9403 9303 9203 9103 9003 8903 8803 8703 8603 8503 8403 8303 8203 8103 8003 7903 7803 7703 7603 7503 2598 2698 2798 2898 2998 3098 3198 3298 3398 3498 3598 3698 3798 3898 3998 4098 4198 4298 4398 4498 4598 4698 4798 4898 4998 5098 5198 5298 5398 5498 5598 5698 5798 5898 5998 6098 6198 6298 6398 6498 6598 6698 6798 6898 6998 7098 7198 7298 7398 7498 2403 2303 2203 2103 2003 1903 1803 1703 1603 1503 1403 1303 1203 1103 1003 903 803 703 603 503 403 303 203 103   3
 9902 9802 9702 9602 9502 9402 9302 9202 9102 9002 8902 8802 8702 8602 8502 8402 8302 8202 8102 8002 7902 7802 7702 7602 7502 2599 2699 2799 2899 2999 3099 3199 3299 3399 3499 3599 3699 3799 3899 3999 4099 4199 4299 4399 4499 4599 4699 4799 4899 4999 5099 5199 5299 5399 5499 5599 5699 5799 5899 5999 6099 6199 6299 6399 6499 6599 6699 6799 6899 6999 7099 7199 7299 7399 7499 2402 2302 2202 2102 2002 1902 1802 1702 1602 1502 1402 1302 1202 1102 1002 902 802 702 602 502 402 302 202 102   2
 9901 9801 9701 9601 9501 9401 9301 9201 9101 9001 8901 8801 8701 8601 8501 8401 8301 8201 8101 8001 7901 7801 7701 7601 7501 2600 2700 2800 2900 3000 3100 3200 3300 3400 3500 3600 3700 3800 3900 4000 4100 4200 4300 4400 4500 4600 4700 4800 4900 5000 5100 5200 5300 5400 5500 5600 5700 5800 5900 6000 6100 6200 6300 6400 6500 6600 6700 6800 6900 7000 7100 7200 7300 7400 7500 2401 2301 2201 2101 2001 1901 1801 1701 1601 1501 1401 1301 1201 1101 1001 901 801 701 601 501 401 301 201 101   1
