7
3
   8   1   6
   3   5   7
   4   9   2
5
  24   1   8  15  17
   5   7  14  16  23
   6  13  20  22   4
  12  19  21   3  10
  18  25   2   9  11
7
  30  39  48   1  10  19  28
  38  47   7   9  18  27  29
  46   6   8  17  26  35  37
   5  14  16  25  34  36  45
  13  15  24  33  42  44   4
  21  23  32  41  43   3  12
  22  31  40  49   2  11  20
9
  47  58  69  80   1  12  23  34  45
  57  68  79   9  11  22  33  44  46
  67  78   8  10  21  32  43  54  56
  77   7  18  20  31  42  53  55  66
   6  17  19  30  41  52  63  65  76
  16  27  29  40  51  62  64  75   5
  26  28  39  50  61  72  74   4  15
  36  38  49  60  71  73   3  14  25
  37  48  59  70  81   2  13  24  35
4
  16   5   9   4
   2  11   7  14
   3  10   6  15
  13   8  12   1
8
  64  56  17  25  33  41  16   8
  63  55  18  26  34  42  15   7
   3  11  46  38  30  22  51  59
   4  12  45  37  29  21  52  60
   5  13  44  36  28  20  53  61
   6  14  43  35  27  19  54  62
  58  50  23  31  39  47  10   2
  57  49  24  32  40  48   9   2
12
 144 132 120  37  49  61  73  85  97  36  24  12
 143 131 119  38  50  62  74  86  98  35  23  11
 142 130 118  39  51  63  75  87  99  34  22  10
   4  16  28 105  93  81  69  57  45 112 124 136
   5  17  29 104  92  80  68  56  44 113 125 137
   6  18  30 103  91  79  67  55  43 114 126 138
   7  19  31 102  90  78  66  54  42 115 127 139
   8  20  32 101  89  77  65  53  41 116 128 140
   9  21  33 100  88  76  64  52  40 117 129 141
 135 123 111  46  58  70  82  94 106  27  15   3
 134 122 110  47  59  71  83  95 107  26  14   2
 133 121 109  48  60  72  84  96 108  25  13   1
